,lambd,p,nnz,true_label,ones_label,exbs_label,ones_mu_label,exbs_mu_label,ones_gap,exbs_gap,ones_mu_gap,exbs_mu_gap
0,0.625,64,8,395,973,390,35,390,0.140625,0.03125,0.140625,1.0
1,0.625,64,8,838,838,982,838,457,0.84375,0.046875,1.0,1.0
2,0.625,64,8,873,873,460,873,460,1.0,0.328125,1.0,1.0
3,0.625,64,8,2,2,2,2,2,1.0,0.75,1.0,1.0
4,0.625,64,8,534,534,534,534,534,0.875,0.390625,1.0,1.0
5,0.625,64,8,269,269,162,269,352,0.40625,0.265625,0.34375,1.0
6,0.625,64,8,885,709,701,709,701,1.0,0.25,1.0,1.0
7,0.625,64,8,590,810,681,810,681,1.0,0.609375,1.0,1.0
8,0.625,64,8,133,133,133,133,133,1.0,0.234375,1.0,1.0
9,0.625,64,8,280,280,287,285,287,0.234375,0.046875,0.21875,1.0
10,0.625,64,8,211,211,168,211,168,0.828125,0.125,0.90625,1.0
11,0.625,64,8,464,512,622,512,622,0.390625,0.34375,1.0,1.0
12,0.625,64,8,800,800,800,800,800,0.6875,0.140625,1.0,1.0
13,0.625,64,8,66,288,336,288,336,0.046875,0.015625,0.0,1.0
14,0.625,64,8,587,587,666,587,195,0.8125,0.015625,0.8125,1.0
15,0.625,64,8,975,975,460,975,460,0.78125,0.46875,0.59375,1.0
16,0.625,64,8,889,579,701,579,875,0.34375,0.015625,0.390625,1.0
17,0.625,64,8,774,774,679,774,679,0.1875,0.171875,0.203125,1.0
18,0.625,64,8,138,138,138,138,138,1.0,0.234375,1.0,1.0
19,0.625,64,8,956,956,938,956,938,0.28125,0.25,0.53125,1.0
20,0.625,64,8,569,569,844,569,717,1.0,0.109375,1.0,1.0
21,0.625,64,8,214,214,644,214,195,1.0,0.171875,1.0,1.0
22,0.625,64,8,97,97,97,97,97,0.453125,0.203125,0.75,1.0
23,0.625,64,8,919,919,908,919,908,0.5,0.25,0.75,1.0
24,0.625,64,8,213,213,213,213,213,1.0,0.875,1.0,1.0
25,0.625,64,8,233,233,261,233,261,0.9375,0.5,0.875,1.0
26,0.625,64,8,489,489,677,489,448,0.5625,0.390625,0.578125,1.0
27,0.625,64,8,465,414,478,414,478,0.1875,0.125,0.515625,1.0
28,0.625,64,8,118,118,119,118,119,1.0,0.3125,1.0,1.0
29,0.625,64,8,675,412,536,571,536,0.109375,0.203125,0.09375,1.0
30,0.625,64,8,327,327,952,327,952,0.53125,0.375,0.65625,1.0
31,0.625,64,8,784,695,695,695,844,0.859375,0.015625,0.828125,1.0
32,0.625,64,8,190,190,258,190,258,0.640625,0.65625,1.0,1.0
33,0.625,64,8,545,545,518,545,450,0.21875,0.140625,0.34375,1.0
34,0.625,64,8,506,506,506,506,506,1.0,0.078125,1.0,1.0
35,0.625,64,8,480,480,848,480,848,0.453125,0.65625,0.375,1.0
36,0.625,64,8,133,133,133,133,133,0.328125,0.421875,0.34375,1.0
37,0.625,64,8,886,886,553,886,553,1.0,0.484375,1.0,1.0
38,0.625,64,8,967,788,860,762,498,0.015625,0.0,0.046875,1.0
39,0.625,64,8,643,585,419,585,445,0.125,0.046875,0.15625,1.0
40,0.625,64,8,562,805,898,529,842,0.015625,0.015625,0.0625,1.0
41,0.625,64,8,396,396,944,396,55,0.65625,0.125,0.09375,1.0
42,0.625,64,8,570,570,701,570,701,1.0,0.96875,1.0,1.0
43,0.625,64,8,690,690,216,690,469,1.0,0.046875,1.0,1.0
44,0.625,64,8,902,789,789,789,789,1.0,0.140625,0.90625,1.0
45,0.625,64,8,5,35,34,34,34,0.109375,0.3125,0.125,1.0
46,0.625,64,8,914,914,908,914,908,1.0,0.3125,1.0,1.0
47,0.625,64,8,801,148,801,801,801,0.0,0.53125,0.4375,1.0
48,0.625,64,8,149,149,4,149,4,0.859375,1.0,0.96875,1.0
49,0.625,64,8,828,828,288,828,288,1.0,0.203125,1.0,1.0
50,0.625,64,8,965,965,967,965,418,1.0,0.25,1.0,1.0
51,0.625,64,8,902,902,617,902,617,0.625,0.25,0.84375,1.0
52,0.625,64,8,962,962,962,962,962,1.0,0.4375,1.0,1.0
53,0.625,64,8,599,410,962,410,962,0.3125,0.265625,0.46875,1.0
54,0.625,64,8,654,609,553,609,553,0.84375,0.46875,0.90625,1.0
55,0.625,64,8,709,401,645,401,917,0.84375,0.046875,0.84375,1.0
56,0.625,64,8,532,532,486,532,679,1.0,0.015625,1.0,1.0
57,0.625,64,8,706,706,536,706,442,1.0,0.0625,1.0,1.0
58,0.625,64,8,975,975,979,975,979,0.046875,0.34375,0.265625,1.0
59,0.625,64,8,933,933,666,933,933,1.0,0.03125,1.0,1.0
60,0.625,64,8,171,171,195,171,240,0.875,0.0,0.5625,1.0
61,0.625,64,8,597,597,961,597,961,1.0,0.09375,1.0,1.0
62,0.625,64,8,528,528,528,528,528,1.0,0.359375,1.0,1.0
63,0.625,64,8,752,430,557,752,819,0.0,0.015625,0.09375,1.0
64,0.625,64,8,269,269,270,269,270,1.0,0.21875,1.0,1.0
65,0.625,64,8,282,285,194,285,194,0.453125,0.421875,0.671875,1.0
66,0.625,64,8,799,877,905,480,579,0.046875,0.0625,0.0,1.0
67,0.625,64,8,289,289,708,289,708,1.0,0.21875,1.0,1.0
68,0.625,64,8,942,942,607,942,607,1.0,0.46875,1.0,1.0
69,0.625,64,8,937,937,937,937,937,0.78125,0.28125,1.0,1.0
70,0.625,64,8,924,924,701,924,659,1.0,0.296875,1.0,1.0
71,0.625,64,8,705,705,536,705,900,0.4375,0.03125,0.421875,1.0
72,0.625,64,8,202,202,850,202,266,0.8125,0.03125,0.78125,1.0
73,0.625,64,8,618,544,89,544,89,0.59375,0.390625,0.09375,1.0
74,0.625,64,8,278,274,194,274,216,0.09375,0.15625,0.046875,1.0
75,0.625,64,8,583,583,557,583,557,0.9375,0.046875,1.0,1.0
76,0.625,64,8,419,419,597,419,419,0.875,0.015625,0.8125,1.0
77,0.625,64,8,84,84,84,84,84,1.0,0.96875,1.0,1.0
78,0.625,64,8,688,688,905,688,905,1.0,0.09375,1.0,1.0
79,0.625,64,8,351,351,460,351,539,1.0,0.21875,1.0,1.0
80,0.625,64,8,806,806,59,806,59,1.0,0.28125,1.0,1.0
81,0.625,64,8,884,500,500,500,500,0.390625,0.8125,0.421875,1.0
82,0.625,64,8,145,145,892,145,846,1.0,0.015625,1.0,1.0
83,0.625,64,8,335,335,964,335,964,1.0,0.03125,1.0,1.0
84,0.625,64,8,633,633,760,633,760,0.28125,0.359375,0.203125,1.0
85,0.625,64,8,360,150,150,150,150,0.375,0.140625,0.6875,1.0
86,0.625,64,8,715,715,908,715,908,0.171875,0.046875,0.140625,1.0
87,0.625,64,8,78,78,418,78,563,1.0,0.59375,1.0,1.0
88,0.625,64,8,935,935,964,935,964,1.0,0.90625,1.0,1.0
89,0.625,64,8,171,171,132,171,132,0.796875,0.5,0.4375,1.0
90,0.625,64,8,603,603,708,603,471,0.203125,0.09375,0.265625,1.0
91,0.625,64,8,389,389,389,389,389,0.875,0.015625,1.0,1.0
92,0.625,64,8,370,370,370,370,370,1.0,0.515625,1.0,1.0
93,0.625,64,8,449,449,979,449,979,0.609375,0.171875,0.609375,1.0
94,0.625,64,8,572,467,467,509,467,0.0625,0.25,0.09375,1.0
95,0.625,64,8,60,60,977,60,34,0.9375,0.125,0.921875,1.0
96,0.625,64,8,779,779,779,779,779,1.0,0.390625,1.0,1.0
97,0.625,64,8,347,347,347,347,347,1.0,0.5,1.0,1.0
98,0.625,64,8,370,370,178,370,370,1.0,0.0625,1.0,1.0
99,0.625,64,8,690,690,120,690,120,0.546875,0.359375,0.3125,1.0
100,0.625,64,8,910,909,948,937,948,0.015625,0.03125,0.078125,1.0
101,0.625,64,8,365,365,365,365,365,1.0,0.109375,1.0,1.0
102,0.625,64,8,162,253,644,253,238,0.4375,0.046875,0.375,1.0
103,0.625,64,8,837,970,908,970,908,0.5625,0.28125,0.671875,1.0
104,0.625,64,8,603,603,853,603,467,0.59375,0.0,0.53125,1.0
105,0.625,64,8,286,286,171,286,171,1.0,0.078125,1.0,1.0
106,0.625,64,8,264,264,264,264,264,1.0,0.40625,1.0,1.0
107,0.625,64,8,747,747,673,747,673,0.421875,0.578125,0.015625,1.0
108,0.625,64,8,649,649,649,649,649,1.0,0.6875,1.0,1.0
109,0.625,64,8,486,486,486,486,486,1.0,1.0,1.0,1.0
110,0.625,64,8,512,512,916,512,405,0.6875,0.09375,0.671875,1.0
111,0.625,64,8,828,110,392,110,392,0.9375,0.015625,1.0,1.0
112,0.625,64,8,955,955,490,955,955,1.0,0.109375,1.0,1.0
113,0.625,64,8,680,443,680,680,680,0.0,0.140625,0.671875,1.0
114,0.625,64,8,893,549,892,549,892,0.96875,0.21875,1.0,1.0
115,0.625,64,8,385,385,385,385,385,1.0,0.3125,1.0,1.0
116,0.625,64,8,965,965,965,965,965,0.6875,0.140625,0.84375,1.0
117,0.625,64,8,609,609,581,609,581,0.46875,0.34375,0.546875,1.0
118,0.625,64,8,131,131,701,131,701,1.0,0.421875,1.0,1.0
119,0.625,64,8,717,717,627,717,627,0.375,0.140625,0.53125,1.0
120,0.625,64,8,819,881,736,881,736,0.265625,0.546875,0.296875,1.0
121,0.625,64,8,870,870,879,612,879,0.03125,0.34375,0.140625,1.0
122,0.625,64,8,237,237,28,237,28,0.78125,0.328125,1.0,1.0
123,0.625,64,8,562,974,974,974,974,0.875,0.015625,1.0,1.0
124,0.625,64,8,48,48,48,48,48,1.0,0.125,1.0,1.0
125,0.625,64,8,979,975,854,975,854,1.0,0.125,1.0,1.0
126,0.625,64,8,834,834,834,834,834,0.90625,0.09375,1.0,1.0
127,0.625,64,8,709,748,701,748,460,0.125,0.171875,0.40625,1.0
128,0.625,64,8,109,109,107,109,107,1.0,0.34375,1.0,1.0
129,0.625,64,8,511,511,538,511,706,0.71875,0.0,0.34375,1.0
130,0.625,64,8,778,778,111,778,111,0.5,0.03125,0.515625,1.0
131,0.625,64,8,521,521,926,521,926,1.0,0.21875,1.0,1.0
132,0.625,64,8,996,996,909,996,112,0.609375,0.03125,0.6875,1.0
133,0.625,64,8,827,739,896,896,896,0.109375,0.078125,0.140625,1.0
134,0.625,64,8,241,241,241,241,241,0.9375,0.09375,0.96875,1.0
135,0.625,64,8,700,89,132,89,132,0.390625,0.03125,0.1875,1.0
136,0.625,64,8,635,826,409,826,622,0.046875,0.25,0.265625,1.0
137,0.625,64,8,388,388,388,388,388,1.0,0.328125,1.0,1.0
138,0.625,64,8,124,79,31,79,31,0.0625,0.25,0.8125,1.0
139,0.625,64,8,468,468,468,468,468,1.0,0.6875,1.0,1.0
140,0.625,64,8,774,774,774,774,774,0.90625,0.328125,1.0,1.0
141,0.625,64,8,662,662,892,662,648,0.828125,0.03125,0.96875,1.0
142,0.625,64,8,682,682,701,682,682,1.0,0.1875,1.0,1.0
143,0.625,64,8,591,591,767,591,679,1.0,0.1875,1.0,1.0
144,0.625,64,8,941,941,941,941,941,1.0,0.234375,1.0,1.0
145,0.625,64,8,51,51,150,51,150,0.875,0.140625,0.90625,1.0
146,0.625,64,8,75,75,726,450,726,0.0,0.140625,0.03125,1.0
147,0.625,64,8,136,136,33,136,14,1.0,0.125,1.0,1.0
148,0.625,64,8,182,182,194,182,198,0.515625,0.0625,0.609375,1.0
149,0.625,64,8,901,901,760,901,669,0.78125,0.078125,1.0,1.0
150,0.625,64,8,41,41,41,41,41,0.859375,0.21875,1.0,1.0
151,0.625,64,8,289,289,974,289,622,1.0,0.078125,1.0,1.0
152,0.625,64,8,19,13,132,13,150,0.15625,0.015625,0.625,1.0
153,0.625,64,8,924,924,936,924,956,1.0,0.171875,1.0,1.0
154,0.625,64,8,516,431,876,431,617,0.6875,0.0625,0.65625,1.0
155,0.625,64,8,258,258,258,258,258,1.0,0.9375,1.0,1.0
156,0.625,64,8,976,979,437,979,437,0.140625,0.1875,0.140625,1.0
157,0.625,64,8,754,485,479,485,479,1.0,0.234375,0.90625,1.0
158,0.625,64,8,791,791,821,791,821,1.0,0.109375,1.0,1.0
159,0.625,64,8,675,817,468,468,916,0.09375,0.046875,0.328125,1.0
160,0.625,64,8,317,317,643,317,317,1.0,0.015625,1.0,1.0
161,0.625,64,8,261,261,261,261,261,1.0,0.671875,1.0,1.0
162,0.625,64,8,124,389,0,389,0,0.625,0.953125,0.828125,1.0
163,0.625,64,8,667,529,813,529,813,0.46875,0.15625,0.53125,1.0
164,0.625,64,8,170,221,221,221,221,1.0,0.5,1.0,1.0
165,0.625,64,8,257,205,642,222,258,0.0625,0.09375,0.015625,1.0
166,0.625,64,8,418,418,418,418,742,0.390625,0.25,0.46875,1.0
167,0.625,64,8,108,108,738,109,735,0.015625,0.125,0.21875,1.0
168,0.625,64,8,185,185,185,185,185,0.8125,0.65625,1.0,1.0
169,0.625,64,8,746,746,746,746,746,1.0,0.765625,1.0,1.0
170,0.625,64,8,528,849,899,528,635,0.40625,0.171875,0.234375,1.0
171,0.625,64,8,107,107,107,107,107,1.0,1.0,1.0,1.0
172,0.625,64,8,578,578,601,982,601,0.0625,0.1875,0.03125,1.0
173,0.625,64,8,674,674,674,674,784,0.171875,0.03125,0.21875,1.0
174,0.625,64,8,240,241,240,241,238,1.0,0.109375,0.4375,1.0
175,0.625,64,8,478,742,619,742,681,0.96875,0.109375,0.765625,1.0
176,0.625,64,8,922,922,789,922,789,1.0,0.09375,1.0,1.0
177,0.625,64,8,905,905,905,905,789,0.28125,0.28125,0.40625,1.0
178,0.625,64,8,50,975,147,147,147,0.21875,1.0,0.21875,1.0
179,0.625,64,8,463,738,638,738,638,0.609375,0.3125,0.28125,1.0
180,0.625,64,8,256,256,369,256,295,0.203125,0.0625,0.109375,1.0
181,0.625,64,8,507,695,966,695,966,1.0,0.03125,1.0,1.0
182,0.625,64,8,392,392,392,392,392,1.0,0.921875,1.0,1.0
183,0.625,64,8,884,884,884,884,884,1.0,0.84375,1.0,1.0
184,0.625,64,8,714,679,701,679,701,0.1875,0.40625,0.078125,1.0
185,0.625,64,8,47,764,445,71,445,0.109375,0.203125,0.3125,1.0
186,0.625,64,8,271,271,271,271,271,1.0,0.265625,1.0,1.0
187,0.625,64,8,136,136,317,136,136,0.625,0.078125,1.0,1.0
188,0.625,64,8,274,274,273,274,273,0.140625,0.5,0.65625,1.0
189,0.625,64,8,188,188,228,188,181,1.0,0.125,1.0,1.0
190,0.625,64,8,210,210,210,210,210,1.0,0.46875,1.0,1.0
191,0.625,64,8,349,349,344,349,385,0.9375,0.046875,1.0,1.0
192,0.625,64,8,262,262,529,262,679,0.171875,0.109375,0.078125,1.0
193,0.625,64,8,171,159,159,159,159,0.140625,0.296875,0.015625,1.0
194,0.625,64,8,20,20,20,20,20,1.0,0.4375,1.0,1.0
195,0.625,64,8,421,579,619,579,557,0.140625,0.21875,0.140625,1.0
196,0.625,64,8,506,533,496,533,496,0.796875,0.59375,0.859375,1.0
197,0.625,64,8,366,366,369,366,369,0.9375,0.34375,1.0,1.0
198,0.625,64,8,508,508,681,508,681,1.0,0.90625,1.0,1.0
199,0.625,64,8,984,984,908,984,649,1.0,0.4375,1.0,1.0
200,0.625,64,8,456,456,313,456,313,0.90625,0.40625,0.90625,1.0
201,0.625,64,8,921,917,768,593,486,0.0625,0.171875,0.125,1.0
202,0.625,64,8,2,2,3,2,3,0.09375,0.375,0.4375,1.0
203,0.625,64,8,328,735,911,735,911,0.203125,0.78125,0.203125,1.0
204,0.625,64,8,792,753,892,753,892,0.265625,0.671875,0.21875,1.0
205,0.625,64,8,561,583,920,561,920,0.421875,0.359375,0.0,1.0
206,0.625,64,8,503,503,503,503,503,0.90625,0.40625,1.0,1.0
207,0.625,64,8,745,759,632,759,632,0.046875,0.296875,0.046875,1.0
208,0.625,64,8,303,303,304,303,304,0.9375,0.40625,1.0,1.0
209,0.625,64,8,111,111,701,111,701,1.0,0.40625,1.0,1.0
210,0.625,64,8,996,996,996,996,996,0.71875,0.0625,0.8125,1.0
211,0.625,64,8,891,891,964,891,964,1.0,0.34375,1.0,1.0
212,0.625,64,8,504,402,846,797,619,0.0,0.40625,0.140625,1.0
213,0.625,64,8,908,404,908,908,908,0.0,0.6875,0.40625,1.0
214,0.625,64,8,348,348,353,348,365,0.84375,0.09375,0.9375,1.0
215,0.625,64,8,702,702,553,702,553,1.0,0.265625,1.0,1.0
216,0.625,64,8,681,681,846,681,846,0.453125,0.25,0.453125,1.0
217,0.625,64,8,702,602,862,602,862,0.3125,0.171875,0.421875,1.0
218,0.625,64,8,603,603,977,603,977,0.15625,0.84375,0.15625,1.0
219,0.625,64,8,206,206,223,206,223,1.0,0.5,1.0,1.0
220,0.625,64,8,703,402,402,402,402,0.375,0.046875,0.6875,1.0
221,0.625,64,8,561,561,557,561,557,1.0,0.390625,1.0,1.0
222,0.625,64,8,893,748,720,748,746,0.515625,0.0,0.328125,1.0
223,0.625,64,8,36,37,37,37,37,1.0,0.109375,1.0,1.0
224,0.625,64,8,694,694,554,694,554,1.0,0.03125,1.0,1.0
225,0.625,64,8,942,964,964,964,964,0.46875,0.84375,0.71875,1.0
226,0.625,64,8,961,961,961,961,961,0.96875,0.28125,0.96875,1.0
227,0.625,64,8,561,410,726,640,726,0.015625,0.078125,0.03125,1.0
228,0.625,64,8,378,378,384,378,382,1.0,0.03125,1.0,1.0
229,0.625,64,8,61,61,53,61,53,0.875,0.421875,0.9375,1.0
230,0.625,64,8,807,608,880,608,652,0.515625,0.046875,0.5,1.0
231,0.625,64,8,523,523,902,523,523,1.0,0.015625,1.0,1.0
232,0.625,64,8,85,85,137,85,137,1.0,0.140625,1.0,1.0
233,0.625,64,8,26,26,60,26,60,0.5625,0.0625,1.0,1.0
234,0.625,64,8,999,441,726,441,964,0.359375,0.15625,0.515625,1.0
235,0.625,64,8,414,414,818,414,818,0.28125,0.40625,0.25,1.0
236,0.625,64,8,58,58,327,58,327,0.140625,0.1875,0.078125,1.0
237,0.625,64,8,635,635,685,635,685,0.09375,0.078125,0.25,1.0
238,0.625,64,8,576,576,576,576,576,1.0,0.5,1.0,1.0
239,0.625,64,8,706,706,553,706,553,0.84375,0.125,1.0,1.0
240,0.625,64,8,547,547,900,547,724,0.53125,0.078125,0.453125,1.0
241,0.625,64,8,32,31,964,30,32,0.046875,0.15625,0.125,1.0
242,0.625,64,8,990,990,952,990,952,0.46875,0.71875,1.0,1.0
243,0.625,64,8,631,631,549,631,921,1.0,0.0,1.0,1.0
244,0.625,64,8,879,879,468,879,879,0.765625,0.078125,1.0,1.0
245,0.625,64,8,388,983,394,983,983,0.375,0.21875,0.390625,1.0
246,0.625,64,8,476,476,913,476,913,0.96875,0.234375,0.96875,1.0
247,0.625,64,8,546,402,968,402,432,0.703125,0.078125,0.609375,1.0
248,0.625,64,8,127,127,127,127,127,0.9375,0.5,0.9375,1.0
249,0.625,64,8,145,145,906,145,470,1.0,0.046875,1.0,1.0
250,0.625,64,8,109,109,984,109,984,1.0,0.109375,1.0,1.0
251,0.625,64,8,660,757,553,757,553,0.09375,0.234375,0.1875,1.0
252,0.625,64,8,131,131,131,131,131,1.0,0.1875,1.0,1.0
253,0.625,64,8,938,924,937,924,937,0.8125,0.34375,0.921875,1.0
254,0.625,64,8,669,669,846,669,846,1.0,0.484375,1.0,1.0
255,0.625,64,8,160,589,846,589,503,0.203125,0.140625,0.015625,1.0
256,0.625,64,8,501,501,903,501,854,0.25,0.328125,0.640625,1.0
257,0.625,64,8,856,569,701,569,976,0.015625,0.65625,0.09375,1.0
258,0.625,64,8,523,523,834,523,486,0.3125,0.015625,0.28125,1.0
259,0.625,64,8,303,70,70,70,70,0.0625,0.3125,0.234375,1.0
260,0.625,64,8,344,344,344,344,344,1.0,1.0,1.0,1.0
261,0.625,64,8,67,67,126,67,126,1.0,1.0,1.0,1.0
262,0.625,64,8,188,188,850,188,850,0.90625,0.15625,1.0,1.0
263,0.625,64,8,73,73,270,73,270,0.703125,0.359375,0.65625,1.0
264,0.625,64,8,670,665,784,670,784,0.265625,0.0625,0.0625,1.0
265,0.625,64,8,188,267,930,181,930,0.015625,0.28125,0.03125,1.0
266,0.625,64,8,362,362,362,362,362,1.0,0.3125,1.0,1.0
267,0.625,64,8,965,965,125,965,964,0.640625,0.046875,0.78125,1.0
268,0.625,64,8,477,477,701,477,399,0.34375,0.015625,0.421875,1.0
269,0.625,64,8,68,68,68,67,68,0.203125,0.3125,0.0,1.0
270,0.625,64,8,838,711,742,711,742,0.046875,0.4375,0.0,1.0
271,0.625,64,8,721,721,496,721,496,0.96875,0.5,1.0,1.0
272,0.625,64,8,452,452,719,452,837,0.71875,0.125,0.84375,1.0
273,0.625,64,8,981,981,460,981,460,0.609375,0.40625,0.6875,1.0
274,0.625,64,8,711,711,902,737,720,0.140625,0.03125,0.125,1.0
275,0.625,64,8,675,867,517,569,517,0.015625,0.265625,0.109375,1.0
276,0.625,64,8,472,472,472,472,472,1.0,0.59375,1.0,1.0
277,0.625,64,8,706,580,557,580,900,0.484375,0.140625,0.109375,1.0
278,0.625,64,8,794,601,601,578,601,0.140625,0.234375,0.0625,1.0
279,0.625,64,8,407,407,817,407,817,1.0,0.84375,1.0,1.0
280,0.625,64,8,561,561,536,561,536,1.0,0.171875,1.0,1.0
281,0.625,64,8,963,611,679,611,327,0.015625,0.171875,0.59375,1.0
282,0.625,64,8,941,941,774,941,774,1.0,0.03125,1.0,1.0
283,0.625,64,8,566,566,753,566,769,1.0,0.109375,1.0,1.0
284,0.625,64,8,927,927,927,927,927,0.8125,0.296875,1.0,1.0
285,0.625,64,8,986,986,986,986,986,1.0,1.0,1.0,1.0
286,0.625,64,8,94,94,326,94,326,1.0,0.25,1.0,1.0
287,0.625,64,8,3,3,3,3,3,1.0,0.25,1.0,1.0
288,0.625,64,8,209,209,209,209,209,0.40625,0.34375,0.40625,1.0
289,0.625,64,8,1,1,1,1,1,0.96875,1.0,1.0,1.0
290,0.625,64,8,571,449,536,449,536,0.8125,0.34375,0.78125,1.0
291,0.625,64,8,201,201,543,201,153,1.0,0.09375,1.0,1.0
292,0.625,64,8,116,116,68,116,116,1.0,0.359375,1.0,1.0
293,0.625,64,8,451,451,75,451,892,0.671875,0.15625,0.859375,1.0
294,0.625,64,8,476,476,687,476,687,1.0,0.34375,1.0,1.0
295,0.625,64,8,773,773,892,773,892,0.21875,0.65625,0.375,1.0
296,0.625,64,8,341,342,701,342,701,0.671875,0.875,0.71875,1.0
297,0.625,64,8,697,697,679,697,679,0.46875,0.3125,0.609375,1.0
298,0.625,64,8,863,863,701,863,701,1.0,0.96875,1.0,1.0
299,0.625,64,8,78,78,990,78,990,0.359375,0.171875,0.46875,1.0
300,0.625,64,8,779,779,908,779,908,1.0,0.359375,1.0,1.0
301,0.625,64,8,90,90,90,90,90,1.0,0.34375,1.0,1.0
302,0.625,64,8,39,46,46,46,46,1.0,0.484375,1.0,1.0
303,0.625,64,8,525,900,525,525,525,0.359375,0.15625,0.46875,1.0
304,0.625,64,8,787,787,846,787,478,0.28125,0.515625,0.296875,1.0
305,0.625,64,8,715,715,900,715,900,0.171875,0.390625,1.0,1.0
306,0.625,64,8,182,182,163,182,163,1.0,0.453125,1.0,1.0
307,0.625,64,8,415,415,398,415,406,1.0,0.0,1.0,1.0
308,0.625,64,8,672,672,681,672,681,1.0,0.421875,1.0,1.0
309,0.625,64,8,221,221,104,221,104,0.96875,0.109375,1.0,1.0
310,0.625,64,8,678,982,796,982,796,0.5625,0.671875,0.53125,1.0
311,0.625,64,8,453,453,453,453,453,1.0,0.546875,1.0,1.0
312,0.625,64,8,76,76,305,76,102,0.9375,0.125,1.0,1.0
313,0.625,64,8,519,519,884,519,884,1.0,0.671875,1.0,1.0
314,0.625,64,8,25,25,28,25,25,1.0,0.3125,1.0,1.0
315,0.625,64,8,197,183,615,183,792,0.421875,0.03125,0.609375,1.0
316,0.625,64,8,101,101,386,101,386,1.0,0.71875,1.0,1.0
317,0.625,64,8,795,795,814,795,814,1.0,0.296875,1.0,1.0
318,0.625,64,8,902,485,713,485,713,0.109375,0.25,0.171875,1.0
319,0.625,64,8,170,170,170,170,170,0.0,0.0625,0.5,1.0
320,0.625,64,8,316,316,906,316,677,0.53125,0.03125,0.53125,1.0
321,0.625,64,8,382,382,783,382,783,1.0,0.109375,1.0,1.0
322,0.625,64,8,997,997,997,997,997,1.0,0.421875,1.0,1.0
323,0.625,64,8,108,985,935,985,985,1.0,0.328125,1.0,1.0
324,0.625,64,8,441,441,441,441,441,0.96875,0.28125,1.0,1.0
325,0.625,64,8,488,679,746,679,746,1.0,0.3125,1.0,1.0
326,0.625,64,8,971,971,126,971,126,1.0,0.03125,0.96875,1.0
327,0.625,64,8,207,975,209,975,209,0.46875,0.15625,0.265625,1.0
328,0.625,64,8,363,363,363,363,363,1.0,1.0,1.0,1.0
329,0.625,64,8,794,794,619,794,794,1.0,0.234375,1.0,1.0
330,0.625,64,8,336,336,307,336,307,0.3125,0.125,0.328125,1.0
331,0.625,64,8,159,159,162,162,166,0.21875,0.140625,0.234375,1.0
332,0.625,64,8,640,640,858,640,858,1.0,0.015625,1.0,1.0
333,0.625,64,8,951,951,951,951,951,0.875,0.78125,1.0,1.0
334,0.625,64,8,108,108,964,108,935,0.90625,0.171875,0.8125,1.0
335,0.625,64,8,747,747,892,747,892,0.5,0.296875,0.515625,1.0
336,0.625,64,8,827,827,681,827,681,0.828125,0.0625,0.796875,1.0
337,0.625,64,8,224,224,460,224,775,0.171875,0.03125,0.640625,1.0
338,0.625,64,8,812,812,470,812,470,0.46875,0.65625,0.875,1.0
339,0.625,64,8,524,597,784,597,784,0.765625,0.296875,0.859375,1.0
340,0.625,64,8,641,418,723,418,723,0.0,0.609375,0.015625,1.0
341,0.625,64,8,272,278,259,278,259,0.03125,0.171875,0.0625,1.0
342,0.625,64,8,134,780,724,780,724,0.5,0.65625,0.421875,1.0
343,0.625,64,8,64,64,318,64,318,0.609375,0.171875,0.59375,1.0
344,0.625,64,8,891,891,892,891,892,1.0,0.21875,1.0,1.0
345,0.625,64,8,757,757,553,757,553,1.0,1.0,1.0,1.0
346,0.625,64,8,296,296,149,296,149,1.0,1.0,1.0,1.0
347,0.625,64,8,426,426,3,426,908,1.0,0.109375,1.0,1.0
348,0.625,64,8,649,649,682,649,649,1.0,0.0,1.0,1.0
349,0.625,64,8,84,84,92,84,92,0.421875,0.1875,0.375,1.0
350,0.625,64,8,350,350,34,350,608,0.515625,0.03125,0.59375,1.0
351,0.625,64,8,480,697,459,697,652,0.046875,0.125,0.015625,1.0
352,0.625,64,8,115,115,116,115,116,1.0,0.625,1.0,1.0
353,0.625,64,8,867,867,976,867,976,0.8125,0.5625,0.90625,1.0
354,0.625,64,8,130,130,130,130,130,1.0,0.75,1.0,1.0
355,0.625,64,8,727,727,580,727,580,1.0,0.15625,1.0,1.0
356,0.625,64,8,634,858,912,858,825,0.15625,0.015625,0.53125,1.0
357,0.625,64,8,774,419,842,419,445,0.515625,0.9375,1.0,1.0
358,0.625,64,8,444,444,701,444,701,1.0,0.375,1.0,1.0
359,0.625,64,8,147,147,147,147,147,1.0,0.8125,1.0,1.0
360,0.625,64,8,73,75,932,75,932,0.96875,0.0625,1.0,1.0
361,0.625,64,8,886,799,760,424,760,0.046875,0.21875,0.0,1.0
362,0.625,64,8,287,287,350,287,38,0.171875,0.03125,0.359375,1.0
363,0.625,64,8,142,142,142,142,142,0.375,0.34375,0.34375,1.0
364,0.625,64,8,127,128,701,128,701,1.0,1.0,1.0,1.0
365,0.625,64,8,200,155,155,155,155,0.09375,0.203125,0.25,1.0
366,0.625,64,8,723,723,59,723,584,1.0,0.0,0.90625,1.0
367,0.625,64,8,972,979,979,979,979,0.71875,0.84375,0.65625,1.0
368,0.625,64,8,225,225,225,225,225,1.0,0.71875,1.0,1.0
369,0.625,64,8,319,320,40,320,318,0.09375,0.140625,0.171875,1.0
370,0.625,64,8,750,750,529,750,529,0.75,0.34375,0.75,1.0
371,0.625,64,8,462,462,701,462,701,1.0,0.453125,1.0,1.0
372,0.625,64,8,941,941,940,941,940,0.71875,0.25,0.9375,1.0
373,0.625,64,8,840,840,879,462,879,0.171875,0.0625,0.046875,1.0
374,0.625,64,8,574,574,701,574,549,1.0,0.0625,1.0,1.0
375,0.625,64,8,724,724,724,724,724,1.0,0.15625,1.0,1.0
376,0.625,64,8,388,388,257,388,257,1.0,0.171875,1.0,1.0
377,0.625,64,8,258,258,258,258,258,0.84375,0.6875,0.78125,1.0
378,0.625,64,8,564,564,423,564,423,0.1875,0.0,0.578125,1.0
379,0.625,64,8,144,144,908,144,701,1.0,0.40625,1.0,1.0
380,0.625,64,8,804,804,773,804,804,0.71875,0.0625,0.96875,1.0
381,0.625,64,8,22,22,701,22,701,0.453125,1.0,0.546875,1.0
382,0.625,64,8,421,791,493,791,743,0.671875,0.28125,0.3125,1.0
383,0.625,64,8,376,376,376,376,376,1.0,0.875,1.0,1.0
384,0.625,64,8,747,747,747,747,747,0.0625,0.171875,0.9375,1.0
385,0.625,64,8,888,888,888,888,888,1.0,0.34375,1.0,1.0
386,0.625,64,8,845,845,445,845,845,0.203125,0.0,0.9375,1.0
387,0.625,64,8,368,355,892,355,9,0.640625,0.046875,0.671875,1.0
388,0.625,64,8,86,86,961,86,947,0.5,0.125,0.90625,1.0
389,0.625,64,8,76,841,258,841,431,0.03125,0.15625,0.296875,1.0
390,0.625,64,8,306,306,302,306,35,0.40625,0.125,0.375,1.0
391,0.625,64,8,289,289,289,289,289,1.0,0.4375,1.0,1.0
392,0.625,64,8,108,108,108,108,108,1.0,0.1875,1.0,1.0
393,0.625,64,8,679,679,892,679,892,0.8125,0.515625,0.8125,1.0
394,0.625,64,8,948,948,951,948,951,0.171875,0.09375,0.578125,1.0
395,0.625,64,8,249,249,249,249,249,1.0,0.71875,1.0,1.0
396,0.625,64,8,651,608,437,608,437,0.09375,0.28125,0.0625,1.0
397,0.625,64,8,110,115,115,115,115,0.296875,0.203125,0.328125,1.0
398,0.625,64,8,129,129,129,129,129,1.0,0.890625,1.0,1.0
399,0.625,64,8,416,416,416,416,416,1.0,0.34375,1.0,1.0
400,0.625,64,8,18,18,677,18,633,1.0,0.078125,1.0,1.0
401,0.625,64,8,727,727,701,727,701,1.0,1.0,1.0,1.0
402,0.625,64,8,813,960,89,960,960,1.0,0.046875,1.0,1.0
403,0.625,64,8,295,295,197,295,197,0.546875,0.09375,0.5625,1.0
404,0.625,64,8,671,665,444,671,444,0.0,0.0625,0.75,1.0
405,0.625,64,8,623,418,421,549,549,0.0,0.03125,0.09375,1.0
406,0.625,64,8,518,518,405,518,915,0.8125,0.421875,0.734375,1.0
407,0.625,64,8,238,241,241,241,241,0.46875,0.5,0.375,1.0
408,0.625,64,8,202,202,201,202,266,0.078125,0.09375,0.5625,1.0
409,0.625,64,8,377,904,904,904,904,0.65625,0.25,0.34375,1.0
410,0.625,64,8,151,151,185,259,284,0.0625,0.0625,0.125,1.0
411,0.625,64,8,582,498,781,498,781,1.0,0.078125,1.0,1.0
412,0.625,64,8,939,580,4,580,4,0.25,0.046875,0.0,1.0
413,0.625,64,8,442,497,442,497,442,0.671875,0.203125,0.546875,1.0
414,0.625,64,8,391,391,784,391,984,0.296875,0.09375,0.34375,1.0
415,0.625,64,8,955,955,533,955,533,1.0,0.96875,1.0,1.0
416,0.625,64,8,892,892,846,892,846,1.0,0.71875,1.0,1.0
417,0.625,64,8,969,441,659,441,659,0.578125,0.421875,0.125,1.0
418,0.625,64,8,533,533,961,533,961,1.0,0.046875,1.0,1.0
419,0.625,64,8,27,27,27,27,27,1.0,0.46875,1.0,1.0
420,0.625,64,8,698,698,701,698,701,1.0,0.296875,1.0,1.0
421,0.625,64,8,502,770,746,770,746,0.453125,0.109375,0.375,1.0
422,0.625,64,8,749,749,999,749,749,1.0,0.34375,0.921875,1.0
423,0.625,64,8,396,396,340,396,340,0.96875,0.46875,1.0,1.0
424,0.625,64,8,315,315,320,315,320,0.375,0.484375,0.015625,1.0
425,0.625,64,8,851,851,846,851,846,0.484375,0.140625,0.375,1.0
426,0.625,64,8,498,476,784,476,862,0.5625,0.140625,0.65625,1.0
427,0.625,64,8,241,241,145,241,195,0.71875,0.0625,0.65625,1.0
428,0.625,64,8,76,76,334,76,334,1.0,0.140625,1.0,1.0
429,0.625,64,8,535,535,896,535,429,1.0,0.03125,1.0,1.0
430,0.625,64,8,767,435,876,767,892,0.0,0.046875,0.046875,1.0
431,0.625,64,8,383,383,258,383,258,1.0,0.1875,1.0,1.0
432,0.625,64,8,141,141,536,141,460,1.0,0.15625,1.0,1.0
433,0.625,64,8,829,829,724,829,724,0.203125,0.46875,0.75,1.0
434,0.625,64,8,744,657,326,657,326,0.34375,0.375,0.296875,1.0
435,0.625,64,8,337,337,297,337,337,0.84375,0.234375,1.0,1.0
436,0.625,64,8,63,53,305,53,305,0.515625,0.453125,0.71875,1.0
437,0.625,64,8,317,317,599,317,599,1.0,0.390625,1.0,1.0
438,0.625,64,8,326,326,679,326,313,0.09375,0.046875,0.03125,1.0
439,0.625,64,8,716,552,552,552,552,0.09375,0.1875,0.53125,1.0
440,0.625,64,8,637,744,405,744,466,0.359375,0.015625,0.234375,1.0
441,0.625,64,8,771,771,892,771,892,0.828125,0.28125,0.84375,1.0
442,0.625,64,8,263,263,162,263,162,0.390625,0.28125,0.75,1.0
443,0.625,64,8,209,209,103,209,43,0.140625,0.15625,0.015625,1.0
444,0.625,64,8,414,842,445,842,445,0.84375,0.484375,1.0,1.0
445,0.625,64,8,950,950,392,950,951,0.25,0.25,0.4375,1.0
446,0.625,64,8,989,989,315,989,326,1.0,0.15625,1.0,1.0
447,0.625,64,8,470,626,862,626,470,0.03125,0.359375,0.109375,1.0
448,0.625,64,8,994,994,949,994,949,0.875,0.65625,1.0,1.0
449,0.625,64,8,141,141,141,141,141,1.0,0.28125,1.0,1.0
450,0.625,64,8,602,841,906,797,906,0.09375,0.171875,0.03125,1.0
451,0.625,64,8,78,78,967,78,679,0.328125,0.109375,0.4375,1.0
452,0.625,64,8,504,967,719,967,818,0.09375,0.046875,0.109375,1.0
453,0.625,64,8,506,506,512,506,563,0.765625,0.03125,0.71875,1.0
454,0.625,64,8,610,610,701,610,610,0.875,0.34375,1.0,1.0
455,0.625,64,8,20,20,146,20,20,0.796875,0.15625,1.0,1.0
456,0.625,64,8,537,537,143,537,537,1.0,0.234375,1.0,1.0
457,0.625,64,8,470,422,780,422,625,0.125,0.171875,0.5,1.0
458,0.625,64,8,440,510,536,510,860,0.59375,0.0,0.6875,1.0
459,0.625,64,8,41,41,41,41,41,1.0,0.25,1.0,1.0
460,0.625,64,8,103,103,984,103,984,0.703125,0.890625,1.0,1.0
461,0.625,64,8,990,990,962,990,962,1.0,0.34375,1.0,1.0
462,0.625,64,8,54,54,68,54,68,0.40625,0.34375,0.6875,1.0
463,0.625,64,8,441,441,701,441,701,0.9375,0.78125,0.90625,1.0
464,0.625,64,8,980,980,701,980,701,1.0,0.28125,1.0,1.0
465,0.625,64,8,698,698,698,698,698,1.0,0.109375,1.0,1.0
466,0.625,64,8,136,136,313,136,46,0.3125,0.109375,0.296875,1.0
467,0.625,64,8,383,979,815,979,815,0.03125,0.296875,0.203125,1.0
468,0.625,64,8,372,372,366,372,366,0.328125,0.0625,0.625,1.0
469,0.625,64,8,269,269,164,269,164,0.375,0.3125,0.6875,1.0
470,0.625,64,8,890,890,890,890,890,1.0,0.671875,1.0,1.0
471,0.625,64,8,522,522,522,522,522,0.9375,0.078125,1.0,1.0
472,0.625,64,8,260,260,259,260,259,0.78125,0.078125,1.0,1.0
473,0.625,64,8,860,569,704,569,704,0.75,0.015625,0.9375,1.0
474,0.625,64,8,308,308,300,308,300,0.65625,0.375,0.90625,1.0
475,0.625,64,8,926,926,926,926,926,1.0,0.140625,1.0,1.0
476,0.625,64,8,304,304,318,304,318,0.21875,0.28125,0.140625,1.0
477,0.625,64,8,715,715,465,715,763,0.90625,0.0,0.8125,1.0
478,0.625,64,8,409,409,892,409,892,1.0,0.15625,1.0,1.0
479,0.625,64,8,841,721,806,474,806,0.078125,0.703125,0.109375,1.0
480,0.625,64,8,894,894,553,894,553,0.46875,0.0,0.46875,1.0
481,0.625,64,8,574,574,111,574,111,1.0,0.453125,1.0,1.0
482,0.625,64,8,876,630,619,630,619,0.453125,0.359375,0.1875,1.0
483,0.625,64,8,718,449,698,449,698,0.484375,0.390625,0.46875,1.0
484,0.625,64,8,497,425,743,425,743,0.8125,0.5,0.859375,1.0
485,0.625,64,8,196,196,203,196,196,0.6875,0.5,0.6875,1.0
486,0.625,64,8,582,738,679,738,679,0.390625,0.53125,0.375,1.0
487,0.625,64,8,953,953,987,953,987,0.96875,0.578125,1.0,1.0
488,0.625,64,8,32,31,31,31,31,0.640625,0.46875,0.734375,1.0
489,0.625,64,8,558,593,542,558,558,0.015625,0.484375,0.203125,1.0
490,0.625,64,8,396,396,116,396,32,0.59375,0.0625,1.0,1.0
491,0.625,64,8,182,182,182,182,182,0.65625,0.0625,1.0,1.0
492,0.625,64,8,683,683,701,683,302,1.0,0.234375,1.0,1.0
493,0.625,64,8,464,636,701,636,701,1.0,0.59375,1.0,1.0
494,0.625,64,8,970,979,701,979,701,1.0,1.0,1.0,1.0
495,0.625,64,8,961,659,435,659,861,0.671875,0.0,0.40625,1.0
496,0.625,64,8,760,760,896,760,896,0.640625,0.40625,0.546875,1.0
497,0.625,64,8,735,401,645,401,645,0.03125,0.3125,0.078125,1.0
498,0.625,64,8,550,550,763,550,763,0.6875,0.109375,0.65625,1.0
499,0.625,64,8,257,257,216,257,216,1.0,0.4375,1.0,1.0
500,0.625,64,8,965,965,564,965,564,0.5625,0.296875,0.390625,1.0
501,0.625,64,8,313,315,315,315,315,1.0,0.34375,1.0,1.0
502,0.625,64,8,44,44,41,44,44,0.96875,0.234375,1.0,1.0
503,0.625,64,8,316,316,316,316,316,0.828125,0.53125,1.0,1.0
504,0.625,64,8,653,488,399,488,465,0.75,0.15625,0.90625,1.0
505,0.625,64,8,248,248,701,248,701,0.875,0.703125,0.90625,1.0
506,0.625,64,8,795,795,557,795,557,1.0,0.203125,1.0,1.0
507,0.625,64,8,39,46,46,46,46,0.34375,0.28125,0.3125,1.0
508,0.625,64,8,138,138,138,138,138,1.0,0.140625,1.0,1.0
509,0.625,64,8,877,559,687,753,687,0.140625,0.34375,0.1875,1.0
510,0.625,64,8,47,320,308,320,679,0.40625,0.328125,0.359375,1.0
511,0.625,64,8,732,732,681,732,681,1.0,0.359375,1.0,1.0
512,0.625,64,8,337,336,298,336,298,0.890625,0.40625,0.5625,1.0
513,0.625,64,8,317,317,317,317,317,1.0,0.75,1.0,1.0
514,0.625,64,8,578,601,601,578,578,0.21875,0.1875,0.0,1.0
515,0.625,64,8,504,504,966,504,504,0.65625,0.03125,1.0,1.0
516,0.625,64,8,479,479,896,479,896,1.0,0.484375,1.0,1.0
517,0.625,64,8,298,298,354,298,299,1.0,0.1875,1.0,1.0
518,0.625,64,8,924,924,951,924,951,0.8125,1.0,0.96875,1.0
519,0.625,64,8,820,820,974,820,974,1.0,0.4375,1.0,1.0
520,0.625,64,8,188,188,181,188,181,0.90625,0.0625,1.0,1.0
521,0.625,64,8,782,851,905,598,905,0.0625,0.328125,0.03125,1.0
522,0.625,64,8,278,277,273,277,273,0.5625,0.140625,0.71875,1.0
523,0.625,64,8,674,674,835,674,835,0.171875,0.375,0.375,1.0
524,0.625,64,8,399,223,553,223,553,0.453125,0.109375,0.859375,1.0
525,0.625,64,8,903,903,459,903,793,0.734375,0.0,0.84375,1.0
526,0.625,64,8,81,81,81,81,81,0.96875,0.8125,1.0,1.0
527,0.625,64,8,612,612,902,612,902,0.96875,0.328125,1.0,1.0
528,0.625,64,8,63,63,619,63,622,1.0,0.015625,1.0,1.0
529,0.625,64,8,194,194,153,194,153,0.171875,0.15625,0.25,1.0
530,0.625,64,8,983,983,107,983,107,0.875,1.0,0.9375,1.0
531,0.625,64,8,557,510,908,510,701,0.390625,0.21875,0.28125,1.0
532,0.625,64,8,586,586,844,586,536,0.96875,0.015625,1.0,1.0
533,0.625,64,8,127,127,127,127,127,1.0,0.625,1.0,1.0
534,0.625,64,8,655,655,892,655,543,0.59375,0.03125,0.78125,1.0
535,0.625,64,8,323,323,323,323,323,1.0,0.890625,1.0,1.0
536,0.625,64,8,425,425,497,425,497,1.0,1.0,1.0,1.0
537,0.625,64,8,28,28,28,28,28,1.0,1.0,1.0,1.0
538,0.625,64,8,116,116,116,116,116,1.0,1.0,1.0,1.0
539,0.625,64,8,738,738,900,738,738,0.15625,0.125,0.65625,1.0
540,0.625,64,8,435,529,459,529,459,0.3125,0.375,0.5625,1.0
541,0.625,64,8,335,295,136,295,911,0.296875,0.15625,0.40625,1.0
542,0.625,64,8,126,126,961,126,961,0.9375,0.375,1.0,1.0
543,0.625,64,8,211,211,159,211,159,0.5625,0.4375,0.53125,1.0
544,0.625,64,8,424,424,404,424,660,0.9375,0.328125,1.0,1.0
545,0.625,64,8,397,397,326,397,326,0.21875,0.015625,0.296875,1.0
546,0.625,64,8,591,591,557,591,557,1.0,0.296875,1.0,1.0
547,0.625,64,8,903,903,217,903,503,0.875,0.09375,1.0,1.0
548,0.625,64,8,261,261,258,261,279,1.0,0.0625,1.0,1.0
549,0.625,64,8,458,458,458,458,458,1.0,0.3125,1.0,1.0
550,0.625,64,8,407,407,817,407,817,0.46875,0.75,0.796875,1.0
551,0.625,64,8,871,871,405,871,405,0.015625,0.15625,0.0625,1.0
552,0.625,64,8,671,444,842,444,890,0.203125,0.15625,0.109375,1.0
553,0.625,64,8,622,759,553,759,553,0.546875,0.875,0.375,1.0
554,0.625,64,8,753,753,553,753,553,1.0,0.40625,1.0,1.0
555,0.625,64,8,556,556,839,556,839,0.640625,0.421875,0.625,1.0
556,0.625,64,8,882,882,892,882,892,0.78125,0.25,0.765625,1.0
557,0.625,64,8,241,241,195,241,238,1.0,0.109375,1.0,1.0
558,0.625,64,8,979,984,984,984,975,0.96875,0.5,0.875,1.0
559,0.625,64,8,640,640,640,640,640,1.0,1.0,1.0,1.0
560,0.625,64,8,82,82,68,82,82,1.0,0.234375,0.9375,1.0
561,0.625,64,8,913,913,833,913,833,0.21875,0.15625,0.6875,1.0
562,0.625,64,8,629,629,629,629,966,1.0,0.109375,1.0,1.0
563,0.625,64,8,578,578,578,578,578,1.0,0.15625,1.0,1.0
564,0.625,64,8,758,758,683,758,683,0.71875,0.09375,0.9375,1.0
565,0.625,64,8,809,925,951,925,951,0.359375,0.390625,0.609375,1.0
566,0.625,64,8,287,287,285,287,286,0.625,0.296875,0.9375,1.0
567,0.625,64,8,518,518,632,518,796,0.40625,0.28125,0.6875,1.0
568,0.625,64,8,734,734,480,734,734,1.0,0.046875,1.0,1.0
569,0.625,64,8,507,507,826,507,826,1.0,0.046875,1.0,1.0
570,0.625,64,8,776,776,736,776,830,0.125,0.078125,0.5,1.0
571,0.625,64,8,127,127,127,127,127,1.0,0.9375,1.0,1.0
572,0.625,64,8,160,160,160,160,160,1.0,0.0625,1.0,1.0
573,0.625,64,8,485,592,592,592,592,0.5,0.359375,0.546875,1.0
574,0.625,64,8,959,959,959,959,959,1.0,0.75,1.0,1.0
575,0.625,64,8,894,799,619,799,619,0.6875,0.9375,0.59375,1.0
576,0.625,64,8,490,109,490,109,490,1.0,1.0,1.0,1.0
577,0.625,64,8,435,876,3,876,3,0.1875,0.25,0.171875,1.0
578,0.625,64,8,843,703,905,733,904,0.15625,0.109375,0.09375,1.0
579,0.625,64,8,511,511,716,511,716,0.9375,0.421875,0.9375,1.0
580,0.625,64,8,154,154,332,154,332,0.71875,0.484375,0.703125,1.0
581,0.625,64,8,911,911,679,911,69,0.84375,0.375,0.96875,1.0
582,0.625,64,8,904,904,904,904,904,1.0,1.0,1.0,1.0
583,0.625,64,8,946,946,946,946,946,1.0,1.0,1.0,1.0
584,0.625,64,8,423,423,597,423,597,0.828125,0.109375,1.0,1.0
585,0.625,64,8,516,520,431,938,431,0.03125,0.453125,0.03125,1.0
586,0.625,64,8,598,548,553,548,553,1.0,0.40625,1.0,1.0
587,0.625,64,8,924,924,80,924,80,0.75,0.25,0.5625,1.0
588,0.625,64,8,141,22,553,853,460,0.0,0.28125,0.0625,1.0
589,0.625,64,8,211,211,601,211,601,1.0,0.140625,0.90625,1.0
590,0.625,64,8,913,795,127,795,832,0.078125,0.109375,0.09375,1.0
591,0.625,64,8,838,631,723,631,879,0.953125,0.125,1.0,1.0
592,0.625,64,8,422,543,846,543,846,1.0,0.75,1.0,1.0
593,0.625,64,8,361,361,283,361,195,0.828125,0.078125,0.703125,1.0
594,0.625,64,8,86,293,288,82,288,0.03125,0.34375,0.0625,1.0
595,0.625,64,8,715,715,318,715,320,0.9375,0.1875,1.0,1.0
596,0.625,64,8,537,537,537,537,537,1.0,1.0,1.0,1.0
597,0.625,64,8,564,406,899,406,495,0.15625,0.1875,0.1875,1.0
598,0.625,64,8,139,120,730,387,730,0.15625,0.03125,0.21875,1.0
599,0.625,64,8,982,669,557,669,557,0.125,0.0625,0.109375,1.0
600,0.625,64,8,965,965,964,965,965,1.0,0.0625,1.0,1.0
601,0.625,64,8,662,590,553,590,553,0.109375,0.609375,0.078125,1.0
602,0.625,64,8,900,900,900,900,900,1.0,0.75,1.0,1.0
603,0.625,64,8,450,573,814,450,573,0.09375,0.171875,0.046875,1.0
604,0.625,64,8,953,682,818,908,657,0.15625,0.140625,0.0625,1.0
605,0.625,64,8,966,966,966,966,966,0.59375,0.015625,1.0,1.0
606,0.625,64,8,536,540,718,540,718,0.453125,0.171875,0.4375,1.0
607,0.625,64,8,523,723,326,723,418,1.0,0.125,1.0,1.0
608,0.625,64,8,261,261,405,233,229,0.1875,0.078125,0.046875,1.0
609,0.625,64,8,439,603,981,603,981,0.03125,1.0,0.21875,1.0
610,0.625,64,8,961,930,930,930,930,1.0,0.625,1.0,1.0
611,0.625,64,8,439,439,439,439,439,1.0,0.8125,1.0,1.0
612,0.625,64,8,636,636,446,636,636,0.6875,0.109375,0.96875,1.0
613,0.625,64,8,583,583,557,583,557,1.0,0.140625,1.0,1.0
614,0.625,64,8,792,715,490,715,490,0.078125,0.015625,0.390625,1.0
615,0.625,64,8,383,383,251,383,171,0.5625,0.0,0.609375,1.0
616,0.625,64,8,867,867,536,867,536,0.9375,0.25,0.96875,1.0
617,0.625,64,8,786,624,536,624,536,0.03125,0.796875,0.34375,1.0
618,0.625,64,8,191,191,544,191,544,1.0,0.09375,1.0,1.0
619,0.625,64,8,998,998,31,998,509,0.921875,0.203125,1.0,1.0
620,0.625,64,8,361,361,861,361,585,0.46875,0.046875,0.328125,1.0
621,0.625,64,8,481,579,726,579,726,0.90625,0.28125,0.875,1.0
622,0.625,64,8,406,406,497,406,497,1.0,0.484375,1.0,1.0
623,0.625,64,8,246,246,701,246,701,0.0625,0.28125,0.25,1.0
624,0.625,64,8,507,622,622,506,622,0.0625,0.375,0.46875,1.0
625,0.625,64,8,939,939,943,939,943,0.375,0.140625,0.046875,1.0
626,0.625,64,8,393,393,393,393,393,0.8125,0.53125,0.84375,1.0
627,0.625,64,8,246,159,180,159,180,0.9375,0.375,0.6875,1.0
628,0.625,64,8,258,258,89,258,89,1.0,0.5625,1.0,1.0
629,0.625,64,8,177,241,537,537,537,0.03125,0.25,0.359375,1.0
630,0.625,64,8,157,157,332,157,332,1.0,0.015625,1.0,1.0
631,0.625,64,8,215,162,999,162,258,0.296875,0.015625,0.140625,1.0
632,0.625,64,8,896,896,896,896,605,0.96875,0.015625,1.0,1.0
633,0.625,64,8,620,681,405,681,628,0.78125,0.375,0.765625,1.0
634,0.625,64,8,733,645,708,645,557,0.359375,0.0625,0.296875,1.0
635,0.625,64,8,976,976,976,976,976,0.59375,0.25,0.4375,1.0
636,0.625,64,8,238,238,238,238,238,0.875,0.09375,1.0,1.0
637,0.625,64,8,302,300,314,300,313,0.65625,0.0,0.71875,1.0
638,0.625,64,8,178,178,168,178,178,0.515625,0.0625,0.625,1.0
639,0.625,64,8,954,954,954,954,954,1.0,0.828125,1.0,1.0
640,0.625,64,8,580,580,431,580,721,1.0,0.171875,1.0,1.0
641,0.625,64,8,392,397,684,397,684,0.796875,0.9375,0.78125,1.0
642,0.625,64,8,79,79,327,79,327,0.15625,0.421875,0.03125,1.0
643,0.625,64,8,765,765,557,765,557,0.046875,0.109375,0.375,1.0
644,0.625,64,8,656,920,817,920,802,0.0625,0.09375,0.09375,1.0
645,0.625,64,8,527,527,553,527,754,0.21875,0.1875,0.296875,1.0
646,0.625,64,8,108,108,109,108,108,1.0,0.09375,1.0,1.0
647,0.625,64,8,572,572,966,572,572,0.375,0.21875,0.78125,1.0
648,0.625,64,8,231,230,157,230,230,1.0,0.125,1.0,1.0
649,0.625,64,8,91,91,701,91,701,0.734375,1.0,0.671875,1.0
650,0.625,64,8,788,788,822,788,822,0.765625,0.078125,1.0,1.0
651,0.625,64,8,636,636,446,636,446,0.96875,0.3125,1.0,1.0
652,0.625,64,8,825,825,50,825,825,0.40625,0.015625,1.0,1.0
653,0.625,64,8,972,500,976,500,976,0.25,0.09375,0.03125,1.0
654,0.625,64,8,568,568,194,568,194,1.0,0.1875,0.90625,1.0
655,0.625,64,8,732,759,859,759,754,0.84375,0.015625,0.78125,1.0
656,0.625,64,8,199,199,223,199,297,1.0,0.015625,1.0,1.0
657,0.625,64,8,317,317,326,317,326,1.0,0.875,1.0,1.0
658,0.625,64,8,185,184,186,184,186,0.375,0.25,0.421875,1.0
659,0.625,64,8,899,532,538,532,846,0.578125,0.3125,0.703125,1.0
660,0.625,64,8,24,24,24,24,24,1.0,0.75,1.0,1.0
661,0.625,64,8,709,709,529,709,806,0.8125,0.140625,0.921875,1.0
662,0.625,64,8,581,581,581,581,581,0.65625,0.453125,1.0,1.0
663,0.625,64,8,837,837,909,837,836,0.9375,0.0625,0.6875,1.0
664,0.625,64,8,136,136,100,136,136,1.0,0.0625,1.0,1.0
665,0.625,64,8,843,843,522,843,522,1.0,0.0625,1.0,1.0
666,0.625,64,8,472,693,693,693,693,0.5625,0.078125,0.96875,1.0
667,0.625,64,8,896,896,908,896,908,0.765625,0.046875,0.78125,1.0
668,0.625,64,8,385,385,385,385,385,1.0,0.53125,1.0,1.0
669,0.625,64,8,484,484,871,484,871,1.0,0.328125,1.0,1.0
670,0.625,64,8,64,55,111,304,59,0.234375,0.015625,0.09375,1.0
671,0.625,64,8,32,26,28,26,53,0.015625,0.328125,0.078125,1.0
672,0.625,64,8,618,618,905,618,905,1.0,0.34375,1.0,1.0
673,0.625,64,8,1,1,308,1,111,0.25,0.015625,0.0625,1.0
674,0.625,64,8,279,279,332,279,332,0.84375,0.109375,0.90625,1.0
675,0.625,64,8,418,563,701,563,701,1.0,0.6875,1.0,1.0
676,0.625,64,8,895,895,557,895,701,0.46875,0.25,0.46875,1.0
677,0.625,64,8,14,14,14,14,14,1.0,0.90625,1.0,1.0
678,0.625,64,8,679,679,892,679,892,1.0,0.15625,1.0,1.0
679,0.625,64,8,759,413,413,413,413,0.25,0.421875,0.1875,1.0
680,0.625,64,8,732,759,892,759,892,0.015625,0.0625,0.09375,1.0
681,0.625,64,8,209,211,20,209,298,0.046875,0.0,0.140625,1.0
682,0.625,64,8,911,735,911,735,911,0.671875,0.59375,0.71875,1.0
683,0.625,64,8,307,307,46,307,46,0.765625,0.046875,0.875,1.0
684,0.625,64,8,570,570,683,570,195,0.484375,0.0,0.6875,1.0
685,0.625,64,8,320,320,303,320,303,1.0,0.21875,1.0,1.0
686,0.625,64,8,309,308,308,308,308,0.875,0.15625,1.0,1.0
687,0.625,64,8,754,688,688,688,688,1.0,0.21875,1.0,1.0
688,0.625,64,8,967,967,659,967,967,1.0,0.015625,1.0,1.0
689,0.625,64,8,166,162,892,162,892,0.21875,0.265625,0.15625,1.0
690,0.625,64,8,946,946,946,946,946,1.0,0.71875,1.0,1.0
691,0.625,64,8,360,103,20,103,50,0.859375,0.5625,0.875,1.0
692,0.625,64,8,616,558,679,558,701,0.078125,0.015625,0.078125,1.0
693,0.625,64,8,71,78,71,71,114,0.78125,0.0625,0.328125,1.0
694,0.625,64,8,7,8,8,8,8,0.6875,0.53125,0.96875,1.0
695,0.625,64,8,186,186,186,186,186,0.703125,0.359375,1.0,1.0
696,0.625,64,8,281,285,753,285,753,0.765625,0.0,0.71875,1.0
697,0.625,64,8,672,672,672,672,672,1.0,0.71875,1.0,1.0
698,0.625,64,8,381,366,490,366,490,0.109375,0.28125,0.3125,1.0
699,0.625,64,8,814,814,107,814,110,0.3125,0.015625,0.671875,1.0
700,0.625,64,8,142,142,142,142,139,1.0,0.046875,1.0,1.0
701,0.625,64,8,42,41,68,41,41,0.65625,0.0625,0.71875,1.0
702,0.625,64,8,969,969,969,969,969,0.84375,0.15625,0.90625,1.0
703,0.625,64,8,904,904,904,904,904,1.0,0.265625,1.0,1.0
704,0.625,64,8,445,445,146,445,460,1.0,0.265625,1.0,1.0
705,0.625,64,8,135,135,22,135,22,1.0,0.34375,1.0,1.0
706,0.625,64,8,91,91,321,91,90,0.46875,0.03125,0.96875,1.0
707,0.625,64,8,339,339,314,339,314,0.96875,0.3125,1.0,1.0
708,0.625,64,8,622,759,681,759,479,1.0,0.109375,1.0,1.0
709,0.625,64,8,573,573,573,573,573,1.0,0.578125,1.0,1.0
710,0.625,64,8,819,819,652,819,819,1.0,0.0,1.0,1.0
711,0.625,64,8,453,453,579,687,881,0.203125,0.0,0.0,1.0
712,0.625,64,8,589,823,679,589,673,0.0625,0.015625,0.03125,1.0
713,0.625,64,8,148,148,147,148,147,0.828125,0.140625,0.90625,1.0
714,0.625,64,8,565,565,557,565,557,1.0,0.359375,1.0,1.0
715,0.625,64,8,946,946,127,946,127,1.0,0.25,1.0,1.0
716,0.625,64,8,502,752,344,752,474,0.71875,0.078125,0.75,1.0
717,0.625,64,8,395,2,2,2,2,0.8125,0.6875,0.703125,1.0
718,0.625,64,8,15,15,15,15,15,1.0,0.203125,1.0,1.0
719,0.625,64,8,722,722,681,722,713,0.9375,0.46875,1.0,1.0
720,0.625,64,8,875,875,618,875,618,0.46875,0.03125,0.96875,1.0
721,0.625,64,8,662,662,673,662,632,0.84375,0.046875,0.78125,1.0
722,0.625,64,8,962,959,935,959,935,0.9375,0.25,1.0,1.0
723,0.625,64,8,133,133,133,133,133,1.0,0.828125,1.0,1.0
724,0.625,64,8,939,939,939,939,939,0.90625,1.0,1.0,1.0
725,0.625,64,8,80,80,544,80,137,1.0,0.03125,1.0,1.0
726,0.625,64,8,502,502,502,502,502,1.0,0.015625,1.0,1.0
727,0.625,64,8,995,995,995,995,995,1.0,0.015625,1.0,1.0
728,0.625,64,8,248,263,263,263,157,0.046875,0.0625,0.296875,1.0
729,0.625,64,8,765,765,579,765,579,0.90625,0.09375,0.96875,1.0
730,0.625,64,8,823,823,535,823,535,1.0,0.34375,1.0,1.0
731,0.625,64,8,631,631,459,631,585,1.0,0.109375,1.0,1.0
732,0.625,64,8,398,398,435,398,896,1.0,0.0625,1.0,1.0
733,0.625,64,8,495,495,892,495,892,0.875,0.1875,0.875,1.0
734,0.625,64,8,925,925,925,925,925,1.0,0.484375,1.0,1.0
735,0.625,64,8,611,611,619,532,509,0.140625,0.21875,0.03125,1.0
736,0.625,64,8,12,12,13,12,13,1.0,0.0,1.0,1.0
737,0.625,64,8,741,698,663,698,663,0.78125,0.171875,0.78125,1.0
738,0.625,64,8,577,577,962,577,509,0.015625,0.046875,0.359375,1.0
739,0.625,64,8,864,511,814,511,814,0.65625,0.53125,1.0,1.0
740,0.625,64,8,584,679,644,679,679,1.0,0.0625,1.0,1.0
741,0.625,64,8,845,845,107,845,107,0.53125,0.78125,0.59375,1.0
742,0.625,64,8,407,407,407,407,407,1.0,0.046875,1.0,1.0
743,0.625,64,8,855,855,892,855,892,0.875,0.015625,0.9375,1.0
744,0.625,64,8,988,988,940,988,816,0.609375,0.3125,1.0,1.0
745,0.625,64,8,479,479,507,479,479,1.0,0.125,1.0,1.0
746,0.625,64,8,271,269,339,269,171,0.375,0.125,0.53125,1.0
747,0.625,64,8,352,352,352,352,352,0.40625,0.40625,1.0,1.0
748,0.625,64,8,258,258,258,258,258,1.0,0.9375,1.0,1.0
749,0.625,64,8,743,743,892,743,892,0.3125,0.25,0.1875,1.0
750,0.625,64,8,886,886,886,886,886,0.421875,0.015625,0.9375,1.0
751,0.625,64,8,702,702,404,702,404,0.6875,0.3125,0.8125,1.0
752,0.625,64,8,566,566,566,566,566,1.0,0.34375,1.0,1.0
753,0.625,64,8,581,581,581,581,581,0.59375,0.265625,0.890625,1.0
754,0.625,64,8,277,277,89,277,234,1.0,0.046875,1.0,1.0
755,0.625,64,8,416,416,964,416,930,1.0,0.15625,1.0,1.0
756,0.625,64,8,581,581,553,581,579,1.0,0.125,0.9375,1.0
757,0.625,64,8,41,41,44,41,44,0.90625,0.390625,1.0,1.0
758,0.625,64,8,739,645,582,739,822,0.296875,0.015625,0.40625,1.0
759,0.625,64,8,199,199,794,199,753,0.5,0.09375,0.65625,1.0
760,0.625,64,8,703,612,802,603,573,0.03125,0.15625,0.0625,1.0
761,0.625,64,8,880,880,523,880,523,0.96875,0.5,1.0,1.0
762,0.625,64,8,456,456,313,456,313,0.203125,0.8125,0.40625,1.0
763,0.625,64,8,89,89,89,89,89,1.0,0.84375,1.0,1.0
764,0.625,64,8,490,490,490,490,490,1.0,1.0,1.0,1.0
765,0.625,64,8,741,917,679,917,679,0.296875,0.390625,0.515625,1.0
766,0.625,64,8,988,988,988,988,988,1.0,0.375,1.0,1.0
767,0.625,64,8,224,223,223,223,223,0.5625,0.546875,0.625,1.0
768,0.625,64,8,596,596,587,596,522,0.828125,0.09375,0.84375,1.0
769,0.625,64,8,387,387,387,387,358,1.0,0.03125,1.0,1.0
770,0.625,64,8,257,270,107,270,258,0.328125,0.0,0.359375,1.0
771,0.625,64,8,377,378,451,377,43,0.0625,0.015625,0.03125,1.0
772,0.625,64,8,815,815,879,815,879,0.96875,0.265625,0.9375,1.0
773,0.625,64,8,448,448,448,448,448,0.53125,0.1875,0.625,1.0
774,0.625,64,8,786,797,784,797,667,0.625,0.09375,0.390625,1.0
775,0.625,64,8,584,679,679,679,679,0.234375,0.6875,0.671875,1.0
776,0.625,64,8,659,659,107,659,666,0.015625,0.109375,0.140625,1.0
777,0.625,64,8,204,252,195,183,98,0.0,0.15625,0.0,1.0
778,0.625,64,8,512,512,701,512,701,0.640625,0.90625,0.640625,1.0
779,0.625,64,8,270,296,89,296,89,0.5625,0.28125,0.59375,1.0
780,0.625,64,8,85,85,6,85,13,0.828125,0.125,1.0,1.0
781,0.625,64,8,295,295,295,295,295,0.8125,0.078125,1.0,1.0
782,0.625,64,8,581,581,902,581,902,0.90625,0.4375,0.78125,1.0
783,0.625,64,8,583,580,497,839,497,0.0625,0.1875,0.046875,1.0
784,0.625,64,8,678,579,876,579,876,0.5,0.25,0.6875,1.0
785,0.625,64,8,61,61,682,61,908,1.0,0.078125,1.0,1.0
786,0.625,64,8,831,831,896,831,896,0.59375,0.515625,0.875,1.0
787,0.625,64,8,113,113,947,113,947,1.0,0.359375,1.0,1.0
788,0.625,64,8,469,948,818,948,818,0.515625,0.0,0.328125,1.0
789,0.625,64,8,607,607,607,607,607,0.25,0.296875,0.34375,1.0
790,0.625,64,8,639,445,486,639,486,0.015625,0.078125,0.1875,1.0
791,0.625,64,8,234,234,234,234,234,1.0,0.3125,1.0,1.0
792,0.625,64,8,140,140,437,140,437,0.9375,0.0625,1.0,1.0
793,0.625,64,8,505,505,505,505,505,1.0,0.34375,1.0,1.0
794,0.625,64,8,912,912,646,912,496,0.09375,0.046875,0.34375,1.0
795,0.625,64,8,56,56,56,56,56,0.875,0.328125,1.0,1.0
796,0.625,64,8,921,916,610,916,610,0.59375,0.109375,0.484375,1.0
797,0.625,64,8,566,566,884,566,541,1.0,0.0625,1.0,1.0
798,0.625,64,8,361,361,361,361,361,0.90625,0.421875,1.0,1.0
799,0.625,64,8,977,977,977,977,977,1.0,0.640625,1.0,1.0
800,0.625,64,8,179,179,630,179,906,0.875,0.3125,0.90625,1.0
801,0.625,64,8,759,759,855,759,855,0.078125,0.3125,0.296875,1.0
802,0.625,64,8,921,581,553,581,553,0.875,0.59375,0.65625,1.0
803,0.625,64,8,241,241,241,241,241,1.0,0.78125,1.0,1.0
804,0.625,64,8,520,520,443,520,443,0.96875,0.203125,1.0,1.0
805,0.625,64,8,429,429,429,429,429,1.0,0.8125,1.0,1.0
806,0.625,64,8,417,417,701,417,701,0.9375,1.0,1.0,1.0
807,0.625,64,8,614,614,411,614,411,1.0,0.203125,1.0,1.0
808,0.625,64,8,434,841,799,841,799,0.109375,0.125,0.0625,1.0
809,0.625,64,8,506,506,679,506,679,1.0,0.15625,0.96875,1.0
810,0.625,64,8,553,651,799,651,760,0.03125,0.0,0.125,1.0
811,0.625,64,8,331,331,330,331,330,1.0,0.40625,1.0,1.0
812,0.625,64,8,332,332,258,332,258,1.0,0.046875,1.0,1.0
813,0.625,64,8,350,350,286,350,286,0.875,0.328125,1.0,1.0
814,0.625,64,8,773,773,899,773,773,0.84375,0.03125,1.0,1.0
815,0.625,64,8,714,539,911,539,911,0.859375,0.21875,0.9375,1.0
816,0.625,64,8,258,258,977,258,977,0.03125,0.125,0.015625,1.0
817,0.625,64,8,160,160,351,160,351,1.0,0.640625,1.0,1.0
818,0.625,64,8,15,448,442,15,15,0.078125,0.0625,0.5,1.0
819,0.625,64,8,212,251,279,251,279,0.46875,0.390625,0.125,1.0
820,0.625,64,8,767,783,460,767,563,0.015625,0.0,0.140625,1.0
821,0.625,64,8,208,179,240,179,223,0.25,0.125,0.109375,1.0
822,0.625,64,8,795,795,608,795,795,0.703125,0.09375,1.0,1.0
823,0.625,64,8,219,219,181,219,181,1.0,0.171875,1.0,1.0
824,0.625,64,8,27,27,27,27,27,1.0,1.0,1.0,1.0
825,0.625,64,8,218,218,156,218,156,0.09375,0.015625,0.53125,1.0
826,0.625,64,8,785,414,607,414,607,0.25,0.53125,0.359375,1.0
827,0.625,64,8,566,566,470,566,875,1.0,0.4375,1.0,1.0
828,0.625,64,8,493,559,799,559,559,0.3125,0.1875,0.5,1.0
829,0.625,64,8,325,325,325,325,325,1.0,0.34375,1.0,1.0
830,0.625,64,8,490,490,490,490,490,1.0,1.0,1.0,1.0
831,0.625,64,8,484,484,701,484,701,1.0,1.0,1.0,1.0
832,0.625,64,8,152,152,152,152,152,0.9375,0.609375,1.0,1.0
833,0.625,64,8,633,767,111,769,508,0.1875,0.140625,0.0625,1.0
834,0.625,64,8,457,457,818,457,457,0.59375,0.34375,0.65625,1.0
835,0.625,64,8,59,456,600,456,600,0.328125,0.28125,0.515625,1.0
836,0.625,64,8,821,821,755,821,755,0.734375,0.09375,1.0,1.0
837,0.625,64,8,939,939,939,939,939,1.0,0.234375,1.0,1.0
838,0.625,64,8,798,798,534,798,534,0.109375,0.203125,0.125,1.0
839,0.625,64,8,880,880,981,880,621,0.125,0.0625,0.71875,1.0
840,0.625,64,8,870,870,661,870,652,0.78125,0.015625,1.0,1.0
841,0.625,64,8,213,218,156,218,156,1.0,0.328125,1.0,1.0
842,0.625,64,8,618,666,677,666,666,0.03125,0.0,0.0,1.0
843,0.625,64,8,385,385,385,385,385,1.0,0.9375,1.0,1.0
844,0.625,64,8,452,735,950,735,950,0.15625,0.8125,0.15625,1.0
845,0.625,64,8,67,67,60,67,60,1.0,0.390625,1.0,1.0
846,0.625,64,8,872,872,553,872,418,1.0,0.0625,1.0,1.0
847,0.625,64,8,876,78,767,435,767,0.296875,0.296875,0.328125,1.0
848,0.625,64,8,278,278,259,278,278,1.0,0.03125,1.0,1.0
849,0.625,64,8,310,339,112,339,679,0.203125,0.0625,0.34375,1.0
850,0.625,64,8,305,305,305,305,305,0.171875,0.40625,0.234375,1.0
851,0.625,64,8,870,870,560,870,843,1.0,0.171875,1.0,1.0
852,0.625,64,8,726,726,529,726,419,0.6875,0.0625,0.71875,1.0
853,0.625,64,8,781,781,781,781,781,1.0,0.9375,1.0,1.0
854,0.625,64,8,830,830,802,830,802,0.078125,0.328125,0.234375,1.0
855,0.625,64,8,398,398,892,398,600,0.9375,0.296875,1.0,1.0
856,0.625,64,8,859,931,964,931,964,0.09375,0.5625,0.46875,1.0
857,0.625,64,8,648,799,799,905,799,0.03125,0.40625,0.09375,1.0
858,0.625,64,8,265,265,258,265,258,0.46875,0.515625,0.96875,1.0
859,0.625,64,8,73,77,45,77,45,0.671875,0.359375,1.0,1.0
860,0.625,64,8,127,132,649,127,825,0.03125,0.078125,0.1875,1.0
861,0.625,64,8,131,131,131,131,131,0.625,0.328125,1.0,1.0
862,0.625,64,8,767,767,736,767,896,0.3125,0.0625,0.375,1.0
863,0.625,64,8,650,854,854,854,854,0.125,0.59375,0.140625,1.0
864,0.625,64,8,739,739,653,739,653,0.796875,0.3125,0.96875,1.0
865,0.625,64,8,163,166,241,166,241,0.484375,0.59375,0.5625,1.0
866,0.625,64,8,297,297,297,297,297,1.0,0.40625,1.0,1.0
867,0.625,64,8,42,42,46,42,46,0.78125,0.390625,1.0,1.0
868,0.625,64,8,725,725,855,725,451,0.25,0.046875,0.875,1.0
869,0.625,64,8,623,777,492,777,492,0.90625,0.359375,0.90625,1.0
870,0.625,64,8,338,338,338,338,338,0.46875,0.09375,1.0,1.0
871,0.625,64,8,882,882,681,882,745,0.3125,0.078125,0.6875,1.0
872,0.625,64,8,90,90,90,90,90,0.71875,0.109375,0.90625,1.0
873,0.625,64,8,212,348,239,348,97,0.046875,0.0,0.21875,1.0
874,0.625,64,8,274,274,277,274,259,1.0,0.015625,1.0,1.0
875,0.625,64,8,142,100,340,100,340,0.40625,0.546875,0.140625,1.0
876,0.625,64,8,161,161,163,161,163,0.015625,0.390625,0.15625,1.0
877,0.625,64,8,844,844,701,844,701,1.0,0.15625,1.0,1.0
878,0.625,64,8,289,289,289,289,289,0.96875,0.484375,1.0,1.0
879,0.625,64,8,454,624,624,624,624,0.78125,0.234375,0.90625,1.0
880,0.625,64,8,676,243,243,243,243,0.25,0.109375,0.5,1.0
881,0.625,64,8,820,820,847,820,847,1.0,0.28125,1.0,1.0
882,0.625,64,8,81,132,89,81,89,0.3125,0.015625,0.015625,1.0
883,0.625,64,8,186,186,191,186,191,0.84375,0.15625,0.625,1.0
884,0.625,64,8,597,768,652,768,652,0.359375,0.03125,0.078125,1.0
885,0.625,64,8,38,288,288,288,288,0.4375,0.53125,0.25,1.0
886,0.625,64,8,276,276,293,276,191,0.515625,0.234375,0.703125,1.0
887,0.625,64,8,290,290,290,290,290,1.0,0.40625,1.0,1.0
888,0.625,64,8,953,953,644,953,644,0.96875,0.03125,0.96875,1.0
889,0.625,64,8,842,842,978,842,978,0.734375,0.171875,0.875,1.0
890,0.625,64,8,621,522,452,522,445,0.5,0.03125,0.4375,1.0
891,0.625,64,8,786,786,422,786,544,0.75,0.015625,1.0,1.0
892,0.625,64,8,973,973,109,109,109,0.21875,0.296875,0.03125,1.0
893,0.625,64,8,506,506,607,506,607,0.640625,1.0,0.90625,1.0
894,0.625,64,8,744,657,404,657,404,0.859375,0.125,0.9375,1.0
895,0.625,64,8,622,622,673,622,673,0.453125,0.234375,0.4375,1.0
896,0.625,64,8,947,997,997,997,997,1.0,0.5,1.0,1.0
897,0.625,64,8,390,33,53,33,993,0.09375,0.03125,0.015625,1.0
898,0.625,64,8,325,325,325,325,325,1.0,1.0,1.0,1.0
899,0.625,64,8,268,268,469,268,469,0.84375,0.15625,0.875,1.0
900,0.625,64,8,795,537,814,537,814,0.421875,0.453125,0.578125,1.0
901,0.625,64,8,841,652,649,652,979,0.46875,0.0625,0.375,1.0
902,0.625,64,8,727,727,900,727,727,0.5,0.078125,0.96875,1.0
903,0.625,64,8,612,612,876,612,802,0.390625,0.046875,0.90625,1.0
904,0.625,64,8,558,834,0,834,0,0.390625,0.25,0.546875,1.0
905,0.625,64,8,153,153,610,153,610,1.0,0.09375,1.0,1.0
906,0.625,64,8,898,898,898,898,898,1.0,1.0,1.0,1.0
907,0.625,64,8,737,737,784,737,626,0.203125,0.15625,0.671875,1.0
908,0.625,64,8,402,402,402,402,402,1.0,0.515625,1.0,1.0
909,0.625,64,8,34,34,34,34,34,1.0,0.328125,1.0,1.0
910,0.625,64,8,937,937,984,937,937,1.0,0.015625,1.0,1.0
911,0.625,64,8,887,887,950,887,950,1.0,0.515625,0.9375,1.0
912,0.625,64,8,724,724,536,724,536,0.140625,0.421875,0.484375,1.0
913,0.625,64,8,16,16,11,16,11,0.875,0.0625,1.0,1.0
914,0.625,64,8,123,123,994,123,766,0.875,0.109375,1.0,1.0
915,0.625,64,8,287,287,258,287,258,0.8125,0.140625,0.890625,1.0
916,0.625,64,8,620,527,726,527,736,0.453125,0.09375,0.703125,1.0
917,0.625,64,8,575,575,713,575,757,1.0,0.171875,1.0,1.0
918,0.625,64,8,223,223,844,223,418,1.0,0.140625,1.0,1.0
919,0.625,64,8,155,155,768,155,768,0.78125,0.078125,1.0,1.0
920,0.625,64,8,653,653,760,653,760,0.609375,0.140625,1.0,1.0
921,0.625,64,8,247,218,218,218,218,0.65625,0.375,0.59375,1.0
922,0.625,64,8,632,632,632,632,632,0.203125,0.453125,0.25,1.0
923,0.625,64,8,568,296,385,296,911,0.1875,0.25,0.09375,1.0
924,0.625,64,8,921,917,442,917,683,1.0,0.375,0.90625,1.0
925,0.625,64,8,317,317,530,317,530,0.375,1.0,0.375,1.0
926,0.625,64,8,396,396,117,396,117,1.0,0.5625,1.0,1.0
927,0.625,64,8,307,307,574,307,522,0.59375,0.40625,0.6875,1.0
928,0.625,64,8,179,179,419,179,239,0.703125,0.390625,0.625,1.0
929,0.625,64,8,566,566,490,566,566,1.0,0.0,1.0,1.0
930,0.625,64,8,44,44,496,44,496,0.609375,0.296875,0.5625,1.0
931,0.625,64,8,393,393,393,393,393,1.0,0.71875,1.0,1.0
932,0.625,64,8,408,847,536,847,847,0.125,0.34375,0.421875,1.0
933,0.625,64,8,163,163,900,163,900,0.5625,0.09375,0.78125,1.0
934,0.625,64,8,636,636,632,636,632,0.875,0.34375,0.8125,1.0
935,0.625,64,8,236,236,159,236,159,0.46875,0.21875,0.359375,1.0
936,0.625,64,8,993,993,993,993,993,0.90625,0.15625,1.0,1.0
937,0.625,64,8,676,570,553,570,511,0.25,0.0,0.09375,1.0
938,0.625,64,8,218,218,218,218,218,1.0,0.578125,1.0,1.0
939,0.625,64,8,393,393,393,393,393,1.0,0.5625,1.0,1.0
940,0.625,64,8,516,719,619,431,793,0.015625,0.1875,0.109375,1.0
941,0.625,64,8,132,132,411,132,600,0.125,0.078125,0.375,1.0
942,0.625,64,8,796,796,770,796,796,1.0,0.125,1.0,1.0
943,0.625,64,8,238,238,195,238,162,0.9375,0.09375,1.0,1.0
944,0.625,64,8,301,806,911,806,911,0.65625,0.40625,0.375,1.0
945,0.625,64,8,442,442,409,442,409,0.21875,0.125,0.96875,1.0
946,0.625,64,8,799,799,905,799,799,0.65625,0.125,0.5,1.0
947,0.625,64,8,987,334,677,334,102,0.140625,0.21875,0.859375,1.0
948,0.625,64,8,723,723,723,723,723,1.0,1.0,1.0,1.0
949,0.625,64,8,750,797,601,797,601,0.4375,0.09375,0.5625,1.0
950,0.625,64,8,202,202,941,202,852,0.3125,0.09375,0.40625,1.0
951,0.625,64,8,276,276,48,276,276,0.734375,0.125,1.0,1.0
952,0.625,64,8,164,236,239,164,164,0.046875,0.171875,0.640625,1.0
953,0.625,64,8,515,515,673,515,515,0.890625,0.109375,1.0,1.0
954,0.625,64,8,234,234,655,234,655,1.0,0.0625,1.0,1.0
955,0.625,64,8,263,263,263,263,263,0.875,0.40625,1.0,1.0
956,0.625,64,8,149,149,107,149,107,0.3125,1.0,0.75,1.0
957,0.625,64,8,334,334,102,334,334,0.34375,0.390625,0.25,1.0
958,0.625,64,8,90,90,911,90,107,1.0,0.328125,1.0,1.0
959,0.625,64,8,730,690,403,690,913,0.296875,0.078125,0.53125,1.0
960,0.625,64,8,72,72,72,72,72,1.0,0.265625,1.0,1.0
961,0.625,64,8,540,540,437,540,437,0.96875,0.859375,1.0,1.0
962,0.625,64,8,433,433,4,433,403,0.015625,0.046875,0.109375,1.0
963,0.625,64,8,409,409,673,409,673,0.8125,0.03125,0.75,1.0
964,0.625,64,8,485,485,760,485,760,1.0,0.125,1.0,1.0
965,0.625,64,8,51,979,726,621,536,0.109375,0.03125,0.140625,1.0
966,0.625,64,8,291,291,68,291,291,1.0,0.140625,1.0,1.0
967,0.625,64,8,837,715,457,515,836,0.0625,0.0,0.0,1.0
968,0.625,64,8,73,76,77,76,77,0.953125,0.28125,0.1875,1.0
969,0.625,64,8,43,40,59,46,308,0.015625,0.0,0.046875,1.0
970,0.625,64,8,762,532,132,572,132,0.03125,0.375,0.125,1.0
971,0.625,64,8,315,315,701,315,701,0.96875,0.8125,0.96875,1.0
972,0.625,64,8,618,723,644,971,644,0.4375,0.109375,0.125,1.0
973,0.625,64,8,546,819,31,776,31,0.21875,0.25,0.03125,1.0
974,0.625,64,8,439,400,399,400,513,0.546875,0.015625,0.625,1.0
975,0.625,64,8,773,793,844,793,844,0.0625,0.234375,0.109375,1.0
976,0.625,64,8,501,741,983,611,467,0.046875,0.21875,0.109375,1.0
977,0.625,64,8,710,804,892,804,619,0.234375,0.046875,0.078125,1.0
978,0.625,64,8,521,521,622,521,622,0.96875,0.375,1.0,1.0
979,0.625,64,8,593,593,111,593,597,1.0,0.125,1.0,1.0
980,0.625,64,8,294,294,168,294,168,1.0,0.203125,1.0,1.0
981,0.625,64,8,928,960,500,960,307,0.578125,0.0625,0.53125,1.0
982,0.625,64,8,920,920,701,920,701,0.65625,0.03125,1.0,1.0
983,0.625,64,8,153,153,258,153,258,1.0,0.1875,1.0,1.0
984,0.625,64,8,197,197,205,197,205,1.0,0.4375,1.0,1.0
985,0.625,64,8,871,871,908,871,557,0.9375,0.359375,0.96875,1.0
986,0.625,64,8,989,989,989,989,989,1.0,0.453125,1.0,1.0
987,0.625,64,8,592,592,922,592,922,0.96875,0.046875,1.0,1.0
988,0.625,64,8,184,184,112,184,112,0.28125,0.25,0.296875,1.0
989,0.625,64,8,286,286,286,286,286,0.328125,0.390625,0.78125,1.0
990,0.625,64,8,237,237,143,237,238,0.171875,0.0,0.3125,1.0
991,0.625,64,8,817,751,817,751,817,0.734375,0.03125,0.390625,1.0
992,0.625,64,8,187,201,191,201,191,0.28125,0.296875,0.390625,1.0
993,0.625,64,8,376,376,376,376,376,1.0,0.375,1.0,1.0
994,0.625,64,8,731,629,629,629,629,0.046875,0.390625,0.171875,1.0
995,0.625,64,8,724,839,900,839,900,1.0,0.4375,1.0,1.0
996,0.625,64,8,415,900,900,900,724,0.59375,0.125,0.390625,1.0
997,0.625,64,8,898,898,790,898,790,0.640625,0.328125,0.640625,1.0
998,0.625,64,8,118,118,314,118,314,1.0,0.390625,1.0,1.0
999,0.625,64,8,630,655,736,655,744,0.25,0.203125,0.1875,1.0
1000,0.625,64,8,447,447,896,447,818,1.0,0.125,1.0,1.0
1001,0.625,64,8,794,794,437,794,794,0.96875,0.046875,1.0,1.0
1002,0.625,64,8,684,684,684,684,684,1.0,0.6875,1.0,1.0
1003,0.625,64,8,980,980,980,980,980,0.90625,0.140625,0.90625,1.0
1004,0.625,64,8,976,976,4,976,4,0.1875,0.109375,0.140625,1.0
1005,0.625,64,8,898,898,107,898,898,1.0,0.125,1.0,1.0
1006,0.625,64,8,607,607,607,607,607,1.0,0.875,1.0,1.0
1007,0.625,64,8,645,645,645,645,645,1.0,0.5,1.0,1.0
1008,0.625,64,8,479,897,618,897,861,0.28125,0.203125,0.453125,1.0
1009,0.625,64,8,190,190,132,190,296,0.9375,0.09375,0.9375,1.0
1010,0.625,64,8,248,248,251,249,222,0.015625,0.0625,0.0625,1.0
1011,0.625,64,8,211,211,178,211,178,0.375,0.03125,0.765625,1.0
1012,0.625,64,8,917,922,619,918,681,0.15625,0.03125,0.015625,1.0
1013,0.625,64,8,644,644,644,644,644,0.671875,0.140625,0.75,1.0
1014,0.625,64,8,289,289,701,289,701,1.0,1.0,1.0,1.0
1015,0.625,64,8,19,19,65,19,321,1.0,0.078125,1.0,1.0
1016,0.625,64,8,667,667,465,400,465,0.0625,0.40625,0.03125,1.0
1017,0.625,64,8,277,277,277,277,277,0.875,0.53125,1.0,1.0
1018,0.625,64,8,99,146,146,146,146,0.640625,0.453125,0.328125,1.0
1019,0.625,64,8,790,806,806,806,906,0.78125,0.21875,0.78125,1.0
1020,0.625,64,8,501,501,501,501,501,0.484375,0.265625,0.53125,1.0
1021,0.625,64,8,931,932,932,931,964,0.03125,0.015625,0.59375,1.0
1022,0.625,64,8,827,827,553,827,881,0.71875,0.078125,0.9375,1.0
1023,0.625,64,8,268,268,961,268,961,0.0625,0.140625,0.140625,1.0
1024,0.625,64,8,713,713,713,713,713,1.0,0.40625,1.0,1.0
1025,0.625,64,8,310,310,314,310,314,0.53125,0.0625,0.546875,1.0
1026,0.625,64,8,125,125,957,125,963,0.390625,0.015625,0.65625,1.0
1027,0.625,64,8,115,973,679,973,107,0.28125,0.21875,0.15625,1.0
1028,0.625,64,8,151,195,195,151,162,0.015625,0.1875,0.25,1.0
1029,0.625,64,8,637,637,536,637,536,0.25,0.421875,0.53125,1.0
1030,0.625,64,8,669,669,896,669,896,0.828125,0.5,0.578125,1.0
1031,0.625,64,8,896,896,896,896,999,1.0,0.484375,1.0,1.0
1032,0.625,64,8,489,489,489,489,489,1.0,0.75,1.0,1.0
1033,0.625,64,8,969,969,443,969,629,0.75,0.3125,1.0,1.0
1034,0.625,64,8,992,992,443,992,992,1.0,0.015625,1.0,1.0
1035,0.625,64,8,278,278,278,278,278,0.515625,0.171875,1.0,1.0
1036,0.625,64,8,518,518,768,518,768,0.96875,0.25,1.0,1.0
1037,0.625,64,8,295,295,796,295,197,1.0,0.03125,1.0,1.0
1038,0.625,64,8,718,536,536,536,628,0.59375,0.5625,0.9375,1.0
1039,0.625,64,8,13,13,10,13,10,0.546875,0.609375,0.46875,1.0
1040,0.625,64,8,28,28,28,28,28,0.40625,0.359375,1.0,1.0
1041,0.625,64,8,452,452,629,452,629,1.0,0.453125,1.0,1.0
1042,0.625,64,8,801,149,107,149,107,0.296875,1.0,0.109375,1.0
1043,0.625,64,8,597,597,563,597,563,1.0,0.3125,1.0,1.0
1044,0.625,64,8,568,568,713,568,760,0.328125,0.0,0.40625,1.0
1045,0.625,64,8,586,586,814,586,408,0.9375,0.375,0.90625,1.0
1046,0.625,64,8,237,151,629,151,223,0.6875,0.109375,0.9375,1.0
1047,0.625,64,8,843,733,557,733,437,0.171875,0.125,0.21875,1.0
1048,0.625,64,8,528,528,528,528,528,1.0,0.625,1.0,1.0
1049,0.625,64,8,399,399,869,655,869,0.015625,0.234375,0.234375,1.0
1050,0.625,64,8,484,484,900,484,900,0.828125,0.484375,1.0,1.0
1051,0.625,64,8,396,396,396,396,117,1.0,0.8125,1.0,1.0
1052,0.625,64,8,278,277,274,277,298,0.484375,0.1875,0.125,1.0
1053,0.625,64,8,827,827,846,827,827,1.0,0.125,1.0,1.0
1054,0.625,64,8,892,506,892,506,772,0.5,0.046875,0.21875,1.0
1055,0.625,64,8,960,960,111,960,111,0.5,0.5,0.484375,1.0
1056,0.625,64,8,603,603,598,603,598,0.703125,0.03125,1.0,1.0
1057,0.625,64,8,118,122,119,122,119,0.453125,0.90625,0.25,1.0
1058,0.625,64,8,315,313,315,313,318,0.78125,0.25,1.0,1.0
1059,0.625,64,8,117,117,433,117,433,0.671875,0.1875,0.859375,1.0
1060,0.625,64,8,931,578,258,578,258,0.578125,0.15625,0.375,1.0
1061,0.625,64,8,838,631,459,631,112,0.34375,0.125,0.078125,1.0
1062,0.625,64,8,30,109,44,48,39,0.03125,0.03125,0.328125,1.0
1063,0.625,64,8,174,174,174,174,174,1.0,0.390625,1.0,1.0
1064,0.625,64,8,592,592,760,592,760,0.65625,0.328125,0.84375,1.0
1065,0.625,64,8,441,927,934,927,962,0.046875,0.171875,0.171875,1.0
1066,0.625,64,8,320,320,55,320,55,1.0,0.375,1.0,1.0
1067,0.625,64,8,884,884,846,884,846,1.0,0.34375,1.0,1.0
1068,0.625,64,8,282,292,292,292,292,1.0,0.4375,1.0,1.0
1069,0.625,64,8,981,981,981,981,981,1.0,0.6875,1.0,1.0
1070,0.625,64,8,787,787,768,787,768,0.21875,0.1875,0.53125,1.0
1071,0.625,64,8,834,834,834,834,834,0.078125,0.125,0.234375,1.0
1072,0.625,64,8,189,189,189,189,189,1.0,0.703125,1.0,1.0
1073,0.625,64,8,568,568,999,568,258,0.5,0.59375,0.59375,1.0
1074,0.625,64,8,507,759,759,759,759,0.28125,0.34375,0.03125,1.0
1075,0.625,64,8,523,523,869,523,869,1.0,0.578125,1.0,1.0
1076,0.625,64,8,692,631,916,631,916,0.21875,0.96875,0.25,1.0
1077,0.625,64,8,242,159,385,159,385,0.640625,0.34375,0.9375,1.0
1078,0.625,64,8,278,277,460,277,646,0.453125,0.109375,0.359375,1.0
1079,0.625,64,8,572,441,619,441,572,0.390625,0.0,0.390625,1.0
1080,0.625,64,8,797,806,418,806,714,0.90625,0.359375,1.0,1.0
1081,0.625,64,8,558,558,558,558,558,1.0,0.140625,1.0,1.0
1082,0.625,64,8,287,269,258,269,269,0.53125,0.015625,1.0,1.0
1083,0.625,64,8,895,895,405,895,404,1.0,0.09375,1.0,1.0
1084,0.625,64,8,781,781,553,781,553,1.0,0.265625,1.0,1.0
1085,0.625,64,8,687,687,687,687,687,1.0,0.625,1.0,1.0
1086,0.625,64,8,484,484,557,484,557,1.0,0.25,1.0,1.0
1087,0.625,64,8,152,152,152,152,152,1.0,0.390625,1.0,1.0
1088,0.625,64,8,180,180,180,180,180,0.90625,0.1875,0.96875,1.0
1089,0.625,64,8,203,203,203,203,203,0.65625,0.84375,1.0,1.0
1090,0.625,64,8,415,415,582,415,582,1.0,0.46875,1.0,1.0
1091,0.625,64,8,141,141,142,141,142,1.0,0.265625,1.0,1.0
1092,0.625,64,8,618,642,683,642,168,0.3125,0.234375,0.65625,1.0
1093,0.625,64,8,936,936,936,936,936,0.859375,0.3125,0.84375,1.0
1094,0.625,64,8,716,716,442,716,442,1.0,0.59375,1.0,1.0
1095,0.625,64,8,953,985,325,985,985,0.28125,0.078125,0.4375,1.0
1096,0.625,64,8,299,299,908,299,908,0.46875,0.421875,0.53125,1.0
1097,0.625,64,8,77,77,77,77,77,0.84375,0.0625,0.9375,1.0
1098,0.625,64,8,264,264,258,264,245,1.0,0.125,1.0,1.0
1099,0.625,64,8,123,123,116,123,116,0.5625,0.625,0.734375,1.0
1100,0.625,64,8,482,848,754,848,754,0.9375,0.390625,0.9375,1.0
1101,0.625,64,8,975,460,460,460,460,0.6875,0.21875,0.90625,1.0
1102,0.625,64,8,487,487,632,487,632,0.875,0.296875,0.90625,1.0
1103,0.625,64,8,450,450,13,450,143,0.4375,0.125,0.59375,1.0
1104,0.625,64,8,853,853,144,853,462,0.90625,0.0,1.0,1.0
1105,0.625,64,8,119,0,652,0,652,1.0,0.0625,0.8125,1.0
1106,0.625,64,8,443,443,679,443,683,0.90625,0.046875,1.0,1.0
1107,0.625,64,8,877,877,553,877,592,0.9375,0.421875,0.96875,1.0
1108,0.625,64,8,609,609,436,609,436,1.0,0.015625,1.0,1.0
1109,0.625,64,8,529,529,906,529,906,1.0,0.25,1.0,1.0
1110,0.625,64,8,522,522,522,522,522,0.578125,0.34375,1.0,1.0
1111,0.625,64,8,557,557,701,557,557,0.5625,0.34375,0.640625,1.0
1112,0.625,64,8,724,724,892,724,517,1.0,0.1875,1.0,1.0
1113,0.625,64,8,956,956,701,956,701,0.78125,0.53125,0.78125,1.0
1114,0.625,64,8,564,564,564,564,564,1.0,0.1875,1.0,1.0
1115,0.625,64,8,908,404,405,404,405,1.0,0.34375,1.0,1.0
1116,0.625,64,8,567,579,602,747,760,0.0625,0.125,0.046875,1.0
1117,0.625,64,8,577,577,708,577,708,1.0,0.015625,1.0,1.0
1118,0.625,64,8,117,117,679,117,306,1.0,0.03125,1.0,1.0
1119,0.625,64,8,306,306,419,306,419,1.0,0.1875,1.0,1.0
1120,0.625,64,8,114,991,931,991,961,0.65625,0.015625,0.5,1.0
1121,0.625,64,8,125,125,125,125,69,0.84375,0.0625,0.90625,1.0
1122,0.625,64,8,251,251,251,251,251,0.84375,0.1875,0.875,1.0
1123,0.625,64,8,286,286,286,286,286,1.0,0.109375,1.0,1.0
1124,0.625,64,8,32,305,719,305,33,0.46875,0.21875,0.6875,1.0
1125,0.625,64,8,788,486,845,486,774,0.09375,0.15625,0.109375,1.0
1126,0.625,64,8,836,444,858,444,755,0.453125,0.046875,0.0625,1.0
1127,0.625,64,8,410,410,410,410,410,1.0,0.46875,1.0,1.0
1128,0.625,64,8,206,206,21,206,305,1.0,0.0625,1.0,1.0
1129,0.625,64,8,825,825,390,825,649,1.0,0.421875,1.0,1.0
1130,0.625,64,8,931,931,964,931,931,0.0625,0.28125,0.390625,1.0
1131,0.625,64,8,777,499,681,499,435,0.640625,0.0,0.359375,1.0
1132,0.625,64,8,307,304,27,304,989,0.71875,0.15625,0.96875,1.0
1133,0.625,64,8,767,558,516,558,828,0.4375,0.0,0.8125,1.0
1134,0.625,64,8,33,34,17,34,17,0.171875,0.359375,0.515625,1.0
1135,0.625,64,8,660,410,706,522,706,0.046875,0.59375,0.90625,1.0
1136,0.625,64,8,460,833,908,525,908,0.015625,0.90625,0.015625,1.0
1137,0.625,64,8,96,96,59,96,986,0.46875,0.046875,0.5,1.0
1138,0.625,64,8,114,71,314,71,314,0.453125,0.375,0.453125,1.0
1139,0.625,64,8,258,258,258,258,258,1.0,0.359375,1.0,1.0
1140,0.625,64,8,42,42,53,42,42,0.703125,0.1875,0.46875,1.0
1141,0.625,64,8,89,89,89,89,89,0.96875,0.15625,1.0,1.0
1142,0.625,64,8,620,681,717,681,511,0.28125,0.296875,0.4375,1.0
1143,0.625,64,8,602,602,529,602,529,0.234375,0.265625,0.328125,1.0
1144,0.625,64,8,186,185,873,185,873,0.390625,0.03125,0.3125,1.0
1145,0.625,64,8,671,671,671,671,671,1.0,0.0625,1.0,1.0
1146,0.625,64,8,753,249,803,248,764,0.0625,0.03125,0.28125,1.0
1147,0.625,64,8,262,262,184,262,184,0.28125,0.125,0.546875,1.0
1148,0.625,64,8,826,685,619,685,3,0.671875,0.453125,0.734375,1.0
1149,0.625,64,8,713,713,553,713,553,1.0,0.625,1.0,1.0
1150,0.625,64,8,295,295,33,295,119,1.0,0.0625,1.0,1.0
1151,0.625,64,8,455,455,414,455,414,1.0,0.34375,1.0,1.0
1152,0.625,64,8,808,788,876,515,579,0.5,0.140625,0.109375,1.0
1153,0.625,64,8,456,456,892,456,892,0.328125,0.34375,0.375,1.0
1154,0.625,64,8,200,200,200,200,200,0.78125,0.421875,1.0,1.0
1155,0.625,64,8,904,539,539,539,539,0.6875,0.8125,0.765625,1.0
1156,0.625,64,8,722,722,722,722,722,0.734375,0.40625,1.0,1.0
1157,0.625,64,8,668,668,668,668,668,1.0,0.359375,1.0,1.0
1158,0.625,64,8,714,826,622,826,823,0.703125,0.078125,0.890625,1.0
1159,0.625,64,8,466,466,466,466,466,1.0,0.296875,1.0,1.0
1160,0.625,64,8,687,687,687,687,687,1.0,0.15625,1.0,1.0
1161,0.625,64,8,29,951,392,951,392,0.015625,0.0,0.015625,1.0
1162,0.625,64,8,884,884,884,884,884,1.0,0.65625,1.0,1.0
1163,0.625,64,8,732,732,713,732,713,0.84375,0.90625,0.84375,1.0
1164,0.625,64,8,914,871,701,871,701,0.03125,0.1875,0.03125,1.0
1165,0.625,64,8,468,468,573,468,468,1.0,0.03125,1.0,1.0
1166,0.625,64,8,559,559,673,559,813,1.0,0.09375,1.0,1.0
1167,0.625,64,8,833,833,701,833,900,0.8125,0.25,0.8125,1.0
1168,0.625,64,8,640,640,640,640,640,1.0,0.15625,1.0,1.0
1169,0.625,64,8,885,831,130,831,945,0.59375,0.03125,0.90625,1.0
1170,0.625,64,8,577,494,758,494,758,0.53125,0.015625,1.0,1.0
1171,0.625,64,8,441,441,579,441,579,0.859375,0.140625,0.75,1.0
1172,0.625,64,8,589,736,896,736,876,0.171875,0.125,0.515625,1.0
1173,0.625,64,8,582,582,582,582,582,1.0,0.640625,1.0,1.0
1174,0.625,64,8,446,646,549,893,549,0.015625,0.734375,0.4375,1.0
1175,0.625,64,8,802,802,701,802,701,1.0,0.546875,0.9375,1.0
1176,0.625,64,8,201,201,187,201,187,1.0,0.4375,1.0,1.0
1177,0.625,64,8,83,83,53,83,83,0.71875,0.109375,1.0,1.0
1178,0.625,64,8,936,936,936,936,936,1.0,0.453125,1.0,1.0
1179,0.625,64,8,364,364,362,364,362,1.0,0.40625,1.0,1.0
1180,0.625,64,8,119,125,81,119,8,0.21875,0.40625,0.53125,1.0
1181,0.625,64,8,196,196,196,196,196,1.0,0.0,1.0,1.0
1182,0.625,64,8,214,214,234,214,234,0.328125,0.4375,0.3125,1.0
1183,0.625,64,8,477,477,985,477,744,0.78125,0.046875,0.78125,1.0
1184,0.625,64,8,494,442,442,494,442,0.1875,0.234375,0.09375,1.0
1185,0.625,64,8,853,853,858,853,958,0.78125,0.0625,0.796875,1.0
1186,0.625,64,8,659,495,598,495,736,0.140625,0.09375,0.078125,1.0
1187,0.625,64,8,477,709,902,709,893,0.015625,0.15625,0.328125,1.0
1188,0.625,64,8,93,93,89,93,144,0.75,0.078125,0.765625,1.0
1189,0.625,64,8,446,610,846,446,892,0.09375,0.40625,0.0625,1.0
1190,0.625,64,8,53,53,529,53,419,1.0,0.296875,1.0,1.0
1191,0.625,64,8,330,330,103,330,103,0.96875,0.34375,1.0,1.0
1192,0.625,64,8,979,979,976,979,976,1.0,0.59375,1.0,1.0
1193,0.625,64,8,854,854,854,854,854,1.0,0.6875,1.0,1.0
1194,0.625,64,8,891,891,679,891,679,1.0,0.34375,1.0,1.0
1195,0.625,64,8,475,475,876,475,876,0.609375,0.84375,0.5625,1.0
1196,0.625,64,8,106,32,457,32,457,0.0,0.078125,0.0625,1.0
1197,0.625,64,8,811,553,632,553,785,0.109375,0.015625,0.328125,1.0
1198,0.625,64,8,764,802,701,802,701,0.28125,1.0,0.5625,1.0
1199,0.625,64,8,822,822,967,822,618,0.578125,0.140625,1.0,1.0
1200,0.625,64,8,466,466,553,466,908,0.84375,0.0,0.9375,1.0
1201,0.625,64,8,290,288,288,288,288,1.0,0.75,1.0,1.0
1202,0.625,64,8,648,720,553,720,648,0.46875,0.125,0.375,1.0
1203,0.625,64,8,786,786,553,786,726,0.03125,0.078125,0.125,1.0
1204,0.625,64,8,807,807,557,807,557,0.90625,0.25,1.0,1.0
1205,0.625,64,8,186,186,259,186,204,0.28125,0.09375,0.515625,1.0
1206,0.625,64,8,480,480,480,480,480,0.90625,0.46875,1.0,1.0
1207,0.625,64,8,386,101,101,101,101,0.46875,0.1875,0.96875,1.0
1208,0.625,64,8,902,902,681,902,681,0.84375,0.34375,0.875,1.0
1209,0.625,64,8,247,247,195,247,195,0.3125,0.359375,0.484375,1.0
1210,0.625,64,8,222,258,258,258,258,0.1875,0.46875,0.0625,1.0
1211,0.625,64,8,317,317,939,317,985,0.1875,0.03125,1.0,1.0
1212,0.625,64,8,828,969,619,969,954,0.4375,0.09375,0.9375,1.0
1213,0.625,64,8,277,277,353,277,352,0.84375,0.21875,0.9375,1.0
1214,0.625,64,8,943,945,989,945,989,0.65625,0.46875,0.375,1.0
1215,0.625,64,8,227,180,169,180,169,0.03125,0.390625,0.3125,1.0
1216,0.625,64,8,259,259,103,259,359,0.390625,0.125,0.6875,1.0
1217,0.625,64,8,222,222,892,222,567,0.609375,0.03125,0.625,1.0
1218,0.625,64,8,956,956,59,956,326,1.0,0.28125,1.0,1.0
1219,0.625,64,8,585,477,784,477,784,0.8125,0.0625,0.859375,1.0
1220,0.625,64,8,430,430,431,430,431,1.0,0.0,1.0,1.0
1221,0.625,64,8,815,815,724,815,724,0.453125,0.78125,0.59375,1.0
1222,0.625,64,8,791,791,640,791,632,1.0,0.140625,1.0,1.0
1223,0.625,64,8,372,370,297,370,369,1.0,0.296875,1.0,1.0
1224,0.625,64,8,638,639,879,639,879,0.3125,0.25,0.0625,1.0
1225,0.625,64,8,394,4,107,4,983,0.71875,0.109375,0.71875,1.0
1226,0.625,64,8,939,939,939,939,939,0.703125,0.109375,0.8125,1.0
1227,0.625,64,8,775,400,602,614,578,0.109375,0.03125,0.1875,1.0
1228,0.625,64,8,66,67,68,67,68,0.59375,0.5625,1.0,1.0
1229,0.625,64,8,131,131,131,131,131,0.4375,0.328125,1.0,1.0
1230,0.625,64,8,536,517,517,517,517,0.53125,0.25,0.875,1.0
1231,0.625,64,8,0,0,0,0,0,1.0,0.484375,1.0,1.0
1232,0.625,64,8,255,255,243,255,243,1.0,0.203125,1.0,1.0
1233,0.625,64,8,339,339,161,339,339,1.0,0.21875,1.0,1.0
1234,0.625,64,8,994,994,994,994,994,0.875,0.484375,1.0,1.0
1235,0.625,64,8,998,998,987,998,987,0.34375,0.96875,0.78125,1.0
1236,0.625,64,8,594,594,496,594,496,1.0,0.09375,1.0,1.0
1237,0.625,64,8,683,432,834,432,834,0.203125,0.421875,0.203125,1.0
1238,0.625,64,8,278,278,277,278,278,1.0,0.109375,1.0,1.0
1239,0.625,64,8,699,699,699,699,699,1.0,0.5625,1.0,1.0
1240,0.625,64,8,120,119,71,119,71,0.640625,0.15625,0.6875,1.0
1241,0.625,64,8,720,838,720,838,720,0.65625,0.234375,0.59375,1.0
1242,0.625,64,8,103,35,103,35,103,0.3125,0.3125,0.265625,1.0
1243,0.625,64,8,637,637,673,637,681,0.75,0.328125,0.9375,1.0
1244,0.625,64,8,64,738,738,738,738,0.171875,0.265625,0.265625,1.0
1245,0.625,64,8,56,56,56,56,56,1.0,1.0,1.0,1.0
1246,0.625,64,8,648,648,648,648,648,0.71875,0.28125,0.78125,1.0
1247,0.625,64,8,300,300,300,300,300,1.0,0.53125,1.0,1.0
1248,0.625,64,8,317,317,317,317,317,1.0,0.375,1.0,1.0
1249,0.625,64,8,899,898,898,898,898,1.0,0.109375,1.0,1.0
1250,0.625,64,8,819,819,459,819,719,0.5,0.015625,0.59375,1.0
1251,0.625,64,8,463,544,630,353,679,0.15625,0.109375,0.109375,1.0
1252,0.625,64,8,560,645,879,645,741,0.765625,0.375,0.796875,1.0
1253,0.625,64,8,325,325,325,325,325,1.0,1.0,1.0,1.0
1254,0.625,64,8,347,347,344,347,385,0.859375,0.453125,0.859375,1.0
1255,0.625,64,8,965,965,961,965,961,0.515625,1.0,0.5625,1.0
1256,0.625,64,8,747,747,789,747,789,0.8125,0.296875,0.71875,1.0
1257,0.625,64,8,656,436,807,436,807,0.03125,0.09375,0.4375,1.0
1258,0.625,64,8,359,359,419,359,223,0.953125,0.0625,1.0,1.0
1259,0.625,64,8,890,890,890,890,890,1.0,0.0625,1.0,1.0
1260,0.625,64,8,95,95,19,95,19,1.0,0.390625,1.0,1.0
1261,0.625,64,8,538,538,323,538,323,1.0,0.203125,1.0,1.0
1262,0.625,64,8,629,629,629,629,629,1.0,0.140625,1.0,1.0
1263,0.625,64,8,898,862,422,433,422,0.125,0.140625,0.359375,1.0
1264,0.625,64,8,639,639,459,639,638,0.0625,0.28125,0.125,1.0
1265,0.625,64,8,617,617,132,617,750,1.0,0.15625,1.0,1.0
1266,0.625,64,8,174,174,701,174,980,0.96875,0.5,1.0,1.0
1267,0.625,64,8,702,602,602,602,602,1.0,0.09375,1.0,1.0
1268,0.625,64,8,241,241,195,241,240,0.28125,0.078125,0.75,1.0
1269,0.625,64,8,497,497,442,442,442,0.046875,0.234375,0.078125,1.0
1270,0.625,64,8,432,683,701,683,701,0.28125,1.0,0.25,1.0
1271,0.625,64,8,785,837,486,837,486,0.1875,0.046875,0.09375,1.0
1272,0.625,64,8,755,755,755,755,755,1.0,0.3125,1.0,1.0
1273,0.625,64,8,15,15,59,15,59,1.0,0.390625,1.0,1.0
1274,0.625,64,8,485,487,553,487,673,0.328125,0.109375,0.390625,1.0
1275,0.625,64,8,760,886,846,886,846,0.515625,0.46875,0.671875,1.0
1276,0.625,64,8,452,452,726,452,726,0.546875,0.125,0.734375,1.0
1277,0.625,64,8,968,699,950,699,1,0.15625,0.0625,0.234375,1.0
1278,0.625,64,8,769,769,418,769,767,0.6875,0.09375,0.6875,1.0
1279,0.625,64,8,551,551,892,551,679,0.546875,0.03125,0.59375,1.0
1280,0.625,64,8,438,438,438,441,898,0.0,0.09375,0.0625,1.0
1281,0.625,64,8,985,985,908,985,908,1.0,0.65625,1.0,1.0
1282,0.625,64,8,652,834,511,667,511,0.078125,0.390625,0.0,1.0
1283,0.625,64,8,63,363,68,363,68,0.1875,0.109375,0.1875,1.0
1284,0.625,64,8,431,431,431,431,431,1.0,1.0,1.0,1.0
1285,0.625,64,8,417,417,417,417,417,1.0,0.34375,1.0,1.0
1286,0.625,64,8,985,985,985,985,985,1.0,0.578125,1.0,1.0
1287,0.625,64,8,957,957,927,957,927,1.0,0.3125,1.0,1.0
1288,0.625,64,8,871,484,701,484,701,0.125,1.0,0.1875,1.0
1289,0.625,64,8,102,102,102,102,102,1.0,0.421875,1.0,1.0
1290,0.625,64,8,705,466,538,466,553,0.421875,0.09375,0.421875,1.0
1291,0.625,64,8,384,384,384,384,384,0.328125,0.453125,0.390625,1.0
1292,0.625,64,8,885,701,701,701,701,0.03125,0.375,0.015625,1.0
1293,0.625,64,8,412,412,844,412,716,1.0,0.484375,0.96875,1.0
1294,0.625,64,8,891,671,621,671,621,0.140625,0.421875,1.0,1.0
1295,0.625,64,8,163,159,701,159,746,0.1875,0.15625,0.09375,1.0
1296,0.625,64,8,813,910,111,910,774,0.09375,0.0,0.359375,1.0
1297,0.625,64,8,532,532,536,532,762,0.78125,0.203125,0.8125,1.0
1298,0.625,64,8,615,615,701,615,902,0.78125,0.09375,0.71875,1.0
1299,0.625,64,8,621,621,661,621,661,0.859375,0.453125,1.0,1.0
1300,0.625,64,8,337,337,977,337,460,0.59375,0.28125,0.71875,1.0
1301,0.625,64,8,555,555,555,555,555,1.0,0.859375,1.0,1.0
1302,0.625,64,8,512,512,844,512,844,1.0,0.4375,1.0,1.0
1303,0.625,64,8,417,417,701,417,979,1.0,0.046875,1.0,1.0
1304,0.625,64,8,848,485,673,485,673,0.15625,0.171875,0.203125,1.0
1305,0.625,64,8,53,53,796,53,796,0.75,0.09375,1.0,1.0
1306,0.625,64,8,369,379,96,379,379,0.90625,0.203125,0.9375,1.0
1307,0.625,64,8,841,906,673,906,673,0.359375,0.03125,0.359375,1.0
1308,0.625,64,8,513,870,880,870,880,0.078125,0.21875,0.046875,1.0
1309,0.625,64,8,831,624,619,624,446,0.5625,0.734375,0.34375,1.0
1310,0.625,64,8,203,203,153,203,153,1.0,0.828125,1.0,1.0
1311,0.625,64,8,225,225,34,225,385,0.609375,0.15625,0.671875,1.0
1312,0.625,64,8,582,582,308,582,748,0.421875,0.421875,0.453125,1.0
1313,0.625,64,8,359,358,195,358,358,0.5625,0.328125,0.6875,1.0
1314,0.625,64,8,368,368,368,368,368,0.46875,0.359375,0.84375,1.0
1315,0.625,64,8,621,561,480,863,480,0.140625,0.140625,0.046875,1.0
1316,0.625,64,8,737,440,907,440,966,0.15625,0.109375,0.09375,1.0
1317,0.625,64,8,560,560,560,560,422,0.875,0.046875,1.0,1.0
1318,0.625,64,8,843,890,900,890,900,0.53125,0.25,0.40625,1.0
1319,0.625,64,8,170,170,296,170,296,1.0,0.1875,1.0,1.0
1320,0.625,64,8,384,379,315,379,320,0.25,0.03125,0.28125,1.0
1321,0.625,64,8,980,980,908,980,980,1.0,0.21875,1.0,1.0
1322,0.625,64,8,888,888,701,888,701,0.375,1.0,0.40625,1.0
1323,0.625,64,8,799,627,536,627,536,0.265625,0.0,0.34375,1.0
1324,0.625,64,8,812,812,437,812,437,1.0,0.75,1.0,1.0
1325,0.625,64,8,788,788,813,788,532,1.0,0.125,1.0,1.0
1326,0.625,64,8,445,445,445,445,445,0.859375,0.390625,0.96875,1.0
1327,0.625,64,8,280,278,377,278,278,0.96875,0.015625,1.0,1.0
1328,0.625,64,8,19,19,19,19,229,1.0,0.34375,1.0,1.0
1329,0.625,64,8,761,761,563,761,563,1.0,0.25,1.0,1.0
1330,0.625,64,8,612,612,879,612,612,1.0,0.484375,1.0,1.0
1331,0.625,64,8,839,976,976,976,976,0.5625,0.359375,0.71875,1.0
1332,0.625,64,8,844,844,846,844,844,0.734375,0.203125,1.0,1.0
1333,0.625,64,8,135,135,128,135,128,0.78125,0.34375,0.8125,1.0
1334,0.625,64,8,556,873,905,873,905,0.296875,0.484375,0.609375,1.0
1335,0.625,64,8,551,551,968,551,712,0.9375,0.25,1.0,1.0
1336,0.625,64,8,626,626,644,626,644,0.5,0.671875,0.640625,1.0
1337,0.625,64,8,934,959,987,959,987,0.390625,0.09375,0.1875,1.0
1338,0.625,64,8,397,397,397,397,397,1.0,0.25,1.0,1.0
1339,0.625,64,8,259,259,332,259,332,0.65625,0.421875,0.71875,1.0
1340,0.625,64,8,398,398,844,398,844,1.0,0.453125,1.0,1.0
1341,0.625,64,8,860,688,480,688,800,0.75,0.265625,0.75,1.0
1342,0.625,64,8,893,893,846,893,446,0.9375,0.359375,0.71875,1.0
1343,0.625,64,8,107,107,107,107,107,1.0,1.0,1.0,1.0
1344,0.625,64,8,780,780,708,780,780,1.0,0.078125,1.0,1.0
1345,0.625,64,8,716,716,716,716,716,0.765625,0.296875,0.8125,1.0
1346,0.625,64,8,897,905,896,905,760,0.96875,0.015625,0.921875,1.0
1347,0.625,64,8,861,861,622,861,967,0.96875,0.09375,1.0,1.0
1348,0.625,64,8,307,307,320,307,303,0.46875,0.046875,0.6875,1.0
1349,0.625,64,8,814,814,314,814,314,1.0,0.015625,1.0,1.0
1350,0.625,64,8,411,411,443,411,728,0.34375,0.140625,0.25,1.0
1351,0.625,64,8,810,878,878,878,878,1.0,0.421875,1.0,1.0
1352,0.625,64,8,22,22,22,22,22,1.0,0.25,1.0,1.0
1353,0.625,64,8,761,761,818,761,818,0.9375,0.25,1.0,1.0
1354,0.625,64,8,488,422,543,422,543,0.015625,0.359375,0.84375,1.0
1355,0.625,64,8,783,783,701,783,701,0.359375,1.0,0.5625,1.0
1356,0.625,64,8,440,440,844,440,760,1.0,0.0625,0.96875,1.0
1357,0.625,64,8,847,586,314,586,314,0.34375,0.4375,0.109375,1.0
1358,0.625,64,8,568,568,869,568,689,0.75,0.28125,0.6875,1.0
1359,0.625,64,8,368,368,194,368,368,1.0,0.34375,1.0,1.0
1360,0.625,64,8,877,829,553,466,553,0.046875,0.09375,0.140625,1.0
1361,0.625,64,8,438,438,526,438,526,0.515625,0.046875,0.5625,1.0
1362,0.625,64,8,73,73,446,73,446,0.53125,0.34375,0.625,1.0
1363,0.625,64,8,676,676,768,676,768,0.390625,0.03125,0.390625,1.0
1364,0.625,64,8,790,790,872,790,872,0.328125,0.234375,0.734375,1.0
1365,0.625,64,8,801,983,980,983,980,0.1875,0.046875,0.203125,1.0
1366,0.625,64,8,691,512,701,512,763,0.0625,0.015625,0.078125,1.0
1367,0.625,64,8,532,854,854,854,854,1.0,0.71875,1.0,1.0
1368,0.625,64,8,334,334,38,334,911,1.0,0.0625,1.0,1.0
1369,0.625,64,8,316,75,326,75,326,0.84375,0.421875,0.953125,1.0
1370,0.625,64,8,868,455,781,455,781,0.890625,0.234375,0.953125,1.0
1371,0.625,64,8,291,291,185,291,291,1.0,0.140625,1.0,1.0
1372,0.625,64,8,699,699,699,699,699,1.0,0.390625,1.0,1.0
1373,0.625,64,8,969,967,950,967,950,0.5625,0.359375,0.671875,1.0
1374,0.625,64,8,104,104,354,104,291,0.5,0.0,0.625,1.0
1375,0.625,64,8,508,508,673,508,896,1.0,0.0625,1.0,1.0
1376,0.625,64,8,298,298,10,298,298,0.9375,0.109375,1.0,1.0
1377,0.625,64,8,374,375,384,375,384,0.09375,0.171875,0.25,1.0
1378,0.625,64,8,463,463,879,463,463,1.0,0.046875,1.0,1.0
1379,0.625,64,8,648,713,892,648,844,0.015625,0.15625,0.0,1.0
1380,0.625,64,8,56,56,56,56,56,1.0,0.59375,1.0,1.0
1381,0.625,64,8,91,91,91,91,91,1.0,0.1875,1.0,1.0
1382,0.625,64,8,704,704,653,704,653,0.359375,0.296875,0.9375,1.0
1383,0.625,64,8,809,926,964,926,959,0.265625,0.546875,0.109375,1.0
1384,0.625,64,8,166,166,166,166,166,1.0,0.1875,1.0,1.0
1385,0.625,64,8,345,690,89,690,345,0.953125,0.265625,1.0,1.0
1386,0.625,64,8,815,815,815,815,815,0.28125,0.390625,0.84375,1.0
1387,0.625,64,8,34,34,34,34,48,0.65625,0.0625,0.90625,1.0
1388,0.625,64,8,83,83,83,83,83,1.0,0.3125,1.0,1.0
1389,0.625,64,8,212,217,258,217,215,0.140625,0.25,0.34375,1.0
1390,0.625,64,8,766,766,961,766,961,0.140625,0.8125,0.0625,1.0
1391,0.625,64,8,423,423,619,423,818,0.765625,0.140625,0.71875,1.0
1392,0.625,64,8,368,368,393,368,1,0.84375,0.0625,1.0,1.0
1393,0.625,64,8,440,440,939,440,440,1.0,0.015625,1.0,1.0
1394,0.625,64,8,323,323,323,323,323,1.0,1.0,1.0,1.0
1395,0.625,64,8,187,187,185,187,185,0.3125,0.359375,0.3125,1.0
1396,0.625,64,8,267,267,489,267,210,0.78125,0.0625,0.875,1.0
1397,0.625,64,8,167,253,263,253,243,0.046875,0.125,0.25,1.0
1398,0.625,64,8,707,707,480,707,480,1.0,0.375,0.96875,1.0
1399,0.625,64,8,145,145,145,145,145,1.0,0.4375,1.0,1.0
1400,0.625,64,8,811,811,881,811,881,0.21875,0.09375,0.171875,1.0
1401,0.625,64,8,935,935,961,935,961,1.0,1.0,1.0,1.0
1402,0.625,64,8,365,365,367,365,256,1.0,0.03125,1.0,1.0
1403,0.625,64,8,765,703,821,703,821,0.46875,0.375,0.5625,1.0
1404,0.625,64,8,951,951,720,951,393,0.234375,0.046875,0.0625,1.0
1405,0.625,64,8,788,655,465,655,834,0.0625,0.078125,0.09375,1.0
1406,0.625,64,8,690,984,701,984,701,1.0,0.625,1.0,1.0
1407,0.625,64,8,876,435,607,435,607,0.15625,0.21875,0.1875,1.0
1408,0.625,64,8,582,582,909,582,950,1.0,0.109375,1.0,1.0
1409,0.625,64,8,577,828,818,828,615,0.359375,0.375,0.328125,1.0
1410,0.625,64,8,794,794,794,794,794,1.0,1.0,1.0,1.0
1411,0.625,64,8,842,525,460,525,460,0.046875,0.1875,0.3125,1.0
1412,0.625,64,8,23,23,23,23,23,0.53125,0.328125,1.0,1.0
1413,0.625,64,8,736,736,736,736,736,0.84375,0.453125,1.0,1.0
1414,0.625,64,8,482,732,630,732,632,0.40625,0.21875,0.375,1.0
1415,0.625,64,8,44,44,99,44,99,0.25,0.265625,0.328125,1.0
1416,0.625,64,8,783,783,902,783,906,1.0,0.15625,1.0,1.0
1417,0.625,64,8,4,4,4,4,4,0.625,0.46875,0.9375,1.0
1418,0.625,64,8,773,441,822,441,822,0.34375,0.421875,0.375,1.0
1419,0.625,64,8,370,370,258,370,229,0.59375,0.125,0.703125,1.0
1420,0.625,64,8,173,173,253,173,253,0.328125,0.453125,0.6875,1.0
1421,0.625,64,8,72,72,326,72,304,0.25,0.453125,0.25,1.0
1422,0.625,64,8,547,547,900,547,900,0.9375,0.8125,0.84375,1.0
1423,0.625,64,8,445,445,459,445,445,0.96875,0.0625,0.78125,1.0
1424,0.625,64,8,470,470,470,470,470,0.765625,0.8125,1.0,1.0
1425,0.625,64,8,321,321,321,321,321,1.0,0.84375,1.0,1.0
1426,0.625,64,8,872,872,457,872,399,0.234375,0.09375,0.234375,1.0
1427,0.625,64,8,462,746,608,746,523,1.0,0.234375,1.0,1.0
1428,0.625,64,8,848,754,579,848,627,0.015625,0.09375,0.09375,1.0
1429,0.625,64,8,826,488,956,826,956,0.015625,0.046875,0.265625,1.0
1430,0.625,64,8,437,976,976,976,976,1.0,1.0,1.0,1.0
1431,0.625,64,8,583,583,417,583,747,0.71875,0.0,0.796875,1.0
1432,0.625,64,8,240,241,234,241,241,0.21875,0.0,0.0625,1.0
1433,0.625,64,8,928,935,935,935,935,0.796875,0.171875,0.875,1.0
1434,0.625,64,8,102,102,4,102,976,0.40625,0.0625,0.71875,1.0
1435,0.625,64,8,297,297,223,297,223,0.75,0.46875,0.765625,1.0
1436,0.625,64,8,561,561,779,561,779,0.65625,0.484375,0.78125,1.0
1437,0.625,64,8,858,858,419,858,858,1.0,0.140625,1.0,1.0
1438,0.625,64,8,943,939,31,943,939,0.203125,0.09375,0.09375,1.0
1439,0.625,64,8,758,640,640,640,640,0.484375,0.640625,0.609375,1.0
1440,0.625,64,8,172,172,10,172,172,0.5625,0.0625,1.0,1.0
1441,0.625,64,8,167,166,162,166,166,0.9375,0.015625,0.96875,1.0
1442,0.625,64,8,796,658,496,658,496,0.359375,0.484375,0.3125,1.0
1443,0.625,64,8,903,445,459,445,459,0.625,0.875,0.234375,1.0
1444,0.625,64,8,217,217,892,217,892,0.96875,0.421875,1.0,1.0
1445,0.625,64,8,649,649,741,649,406,0.1875,0.046875,0.28125,1.0
1446,0.625,64,8,617,617,701,617,701,1.0,0.046875,1.0,1.0
1447,0.625,64,8,310,304,303,310,303,0.171875,0.296875,0.40625,1.0
1448,0.625,64,8,533,533,443,533,443,1.0,1.0,1.0,1.0
1449,0.625,64,8,702,839,663,839,663,0.375,0.3125,0.375,1.0
1450,0.625,64,8,809,666,896,666,896,0.6875,0.03125,0.15625,1.0
1451,0.625,64,8,298,381,107,298,107,0.09375,1.0,0.125,1.0
1452,0.625,64,8,556,912,421,912,789,0.5,0.03125,0.34375,1.0
1453,0.625,64,8,915,915,538,915,915,0.578125,0.078125,0.8125,1.0
1454,0.625,64,8,957,957,957,957,957,1.0,1.0,1.0,1.0
1455,0.625,64,8,712,712,701,712,78,1.0,0.09375,1.0,1.0
1456,0.625,64,8,747,650,785,650,818,0.09375,0.078125,0.21875,1.0
1457,0.625,64,8,840,435,418,840,418,0.046875,0.15625,0.109375,1.0
1458,0.625,64,8,649,649,701,649,701,1.0,0.65625,1.0,1.0
1459,0.625,64,8,543,445,666,445,666,0.375,0.28125,0.4375,1.0
1460,0.625,64,8,807,402,538,402,807,0.3125,0.328125,0.15625,1.0
1461,0.625,64,8,371,371,371,371,371,1.0,0.609375,1.0,1.0
1462,0.625,64,8,24,24,198,24,87,1.0,0.0,1.0,1.0
1463,0.625,64,8,795,537,405,537,405,0.40625,0.25,0.375,1.0
1464,0.625,64,8,153,153,153,153,153,0.46875,0.515625,0.375,1.0
1465,0.625,64,8,106,106,385,106,385,1.0,0.9375,0.96875,1.0
1466,0.625,64,8,198,197,223,197,205,1.0,0.203125,1.0,1.0
1467,0.625,64,8,627,627,627,627,627,1.0,0.140625,1.0,1.0
1468,0.625,64,8,146,146,147,146,147,0.9375,0.328125,0.78125,1.0
1469,0.625,64,8,587,777,806,777,806,0.96875,0.40625,0.765625,1.0
1470,0.625,64,8,297,297,165,297,165,0.765625,0.28125,0.96875,1.0
1471,0.625,64,8,110,110,110,110,973,0.4375,0.140625,0.90625,1.0
1472,0.625,64,8,238,238,622,238,852,0.0,0.015625,0.03125,1.0
1473,0.625,64,8,788,422,905,422,648,0.28125,0.046875,0.265625,1.0
1474,0.625,64,8,776,776,776,776,776,1.0,0.28125,1.0,1.0
1475,0.625,64,8,745,745,632,745,632,0.25,0.1875,0.328125,1.0
1476,0.625,64,8,101,101,386,101,386,0.03125,0.09375,0.453125,1.0
1477,0.625,64,8,982,982,982,982,982,1.0,0.96875,1.0,1.0
1478,0.625,64,8,940,940,951,940,940,0.40625,0.0625,1.0,1.0
1479,0.625,64,8,691,655,629,655,834,0.671875,0.421875,0.671875,1.0
1480,0.625,64,8,246,159,163,159,159,0.421875,0.4375,0.703125,1.0
1481,0.625,64,8,290,290,290,290,290,0.6875,0.3125,1.0,1.0
1482,0.625,64,8,883,883,459,883,794,1.0,0.046875,0.90625,1.0
1483,0.625,64,8,66,66,68,66,68,1.0,0.03125,0.875,1.0
1484,0.625,64,8,674,688,553,456,413,0.046875,0.296875,0.109375,1.0
1485,0.625,64,8,171,158,679,158,679,0.53125,0.4375,0.453125,1.0
1486,0.625,64,8,527,527,579,527,579,0.28125,0.296875,0.453125,1.0
1487,0.625,64,8,499,736,736,736,736,0.25,0.4375,0.25,1.0
1488,0.625,64,8,216,216,215,216,215,1.0,0.03125,1.0,1.0
1489,0.625,64,8,669,669,951,669,951,0.40625,0.25,0.53125,1.0
1490,0.625,64,8,319,318,60,320,60,0.140625,0.234375,0.234375,1.0
1491,0.625,64,8,243,179,171,179,171,0.046875,0.21875,0.125,1.0
1492,0.625,64,8,265,202,961,202,961,0.71875,0.203125,0.640625,1.0
1493,0.625,64,8,342,342,48,342,48,0.90625,0.234375,0.9375,1.0
1494,0.625,64,8,744,657,580,657,791,0.125,0.015625,0.359375,1.0
1495,0.625,64,8,615,414,465,608,465,0.0,0.09375,0.125,1.0
1496,0.625,64,8,838,631,527,631,527,0.625,0.328125,0.40625,1.0
1497,0.625,64,8,701,701,701,701,701,1.0,0.546875,1.0,1.0
1498,0.625,64,8,451,451,879,451,879,0.875,0.453125,1.0,1.0
1499,0.625,64,8,487,487,892,487,892,1.0,0.375,1.0,1.0
1500,0.625,64,8,835,835,795,835,795,1.0,0.0625,1.0,1.0
1501,0.625,64,8,976,975,908,975,701,0.421875,0.109375,0.296875,1.0
1502,0.625,64,8,937,937,937,937,937,1.0,0.75,1.0,1.0
1503,0.625,64,8,334,334,369,334,367,0.375,0.015625,0.671875,1.0
1504,0.625,64,8,3,3,3,3,3,0.90625,0.34375,1.0,1.0
1505,0.625,64,8,569,569,437,569,536,0.625,0.234375,0.53125,1.0
1506,0.625,64,8,455,455,459,455,714,1.0,0.0,0.875,1.0
1507,0.625,64,8,299,299,228,299,228,1.0,0.234375,1.0,1.0
1508,0.625,64,8,935,935,935,935,935,0.25,0.15625,0.9375,1.0
1509,0.625,64,8,858,858,858,858,858,1.0,0.890625,1.0,1.0
1510,0.625,64,8,3,3,3,3,3,1.0,0.4375,1.0,1.0
1511,0.625,64,8,385,385,385,385,385,0.9375,0.28125,1.0,1.0
1512,0.625,64,8,513,513,679,513,679,0.265625,0.359375,0.21875,1.0
1513,0.625,64,8,290,290,80,290,340,0.4375,0.0625,0.25,1.0
1514,0.625,64,8,386,385,385,385,385,0.265625,0.390625,0.0625,1.0
1515,0.625,64,8,976,483,437,483,483,0.6875,0.125,0.9375,1.0
1516,0.625,64,8,206,206,649,206,649,0.8125,0.140625,1.0,1.0
1517,0.625,64,8,308,308,314,308,308,1.0,0.484375,1.0,1.0
1518,0.625,64,8,70,70,318,70,318,1.0,0.515625,1.0,1.0
1519,0.625,64,8,580,580,433,580,538,0.90625,0.0,1.0,1.0
1520,0.625,64,8,27,27,27,27,27,1.0,0.078125,1.0,1.0
1521,0.625,64,8,66,56,112,56,112,0.34375,0.46875,0.453125,1.0
1522,0.625,64,8,238,238,195,238,238,0.875,0.171875,1.0,1.0
1523,0.625,64,8,87,87,87,87,87,1.0,0.9375,1.0,1.0
1524,0.625,64,8,666,666,666,666,666,1.0,0.109375,1.0,1.0
1525,0.625,64,8,1,115,723,115,723,0.84375,0.625,0.9375,1.0
1526,0.625,64,8,433,433,879,433,879,0.6875,0.0,0.96875,1.0
1527,0.625,64,8,81,81,33,81,81,0.90625,0.0,1.0,1.0
1528,0.625,64,8,500,500,721,500,434,0.421875,0.109375,0.28125,1.0
1529,0.625,64,8,77,77,306,77,306,0.171875,0.28125,0.5625,1.0
1530,0.625,64,8,6,6,911,6,885,1.0,0.03125,0.9375,1.0
1531,0.625,64,8,644,644,470,644,470,0.9375,0.34375,0.875,1.0
1532,0.625,64,8,685,685,685,685,685,1.0,0.546875,1.0,1.0
1533,0.625,64,8,723,549,723,549,723,0.71875,0.46875,0.765625,1.0
1534,0.625,64,8,611,611,490,611,695,1.0,0.125,1.0,1.0
1535,0.625,64,8,54,67,68,67,68,0.34375,0.359375,0.28125,1.0
1536,0.625,64,8,29,29,386,29,386,1.0,0.109375,1.0,1.0
1537,0.625,64,8,514,514,957,514,885,0.5,0.0625,0.90625,1.0
1538,0.625,64,8,450,573,75,573,802,0.1875,0.0625,0.265625,1.0
1539,0.625,64,8,354,354,385,354,386,1.0,0.0,0.96875,1.0
1540,0.625,64,8,198,198,198,198,198,0.71875,0.71875,0.8125,1.0
1541,0.625,64,8,729,729,729,729,729,0.25,0.328125,0.703125,1.0
1542,0.625,64,8,171,171,719,171,719,0.71875,0.53125,0.6875,1.0
1543,0.625,64,8,373,373,373,373,373,0.578125,0.484375,1.0,1.0
1544,0.625,64,8,397,973,149,973,149,0.5,0.171875,0.09375,1.0
1545,0.625,64,8,81,81,81,81,81,1.0,0.359375,1.0,1.0
1546,0.625,64,8,640,640,640,640,640,1.0,1.0,1.0,1.0
1547,0.625,64,8,766,766,553,766,553,0.484375,0.1875,0.53125,1.0
1548,0.625,64,8,220,220,22,220,416,0.78125,0.015625,0.71875,1.0
1549,0.625,64,8,456,456,460,456,557,0.921875,0.28125,1.0,1.0
1550,0.625,64,8,667,445,982,667,982,0.1875,0.09375,0.3125,1.0
1551,0.625,64,8,192,186,218,186,218,0.390625,0.78125,0.296875,1.0
1552,0.625,64,8,504,788,766,788,469,0.421875,0.0625,0.359375,1.0
1553,0.625,64,8,739,506,506,506,506,0.515625,0.078125,0.453125,1.0
1554,0.625,64,8,27,27,27,27,27,1.0,0.46875,1.0,1.0
1555,0.625,64,8,389,391,4,391,3,0.09375,0.140625,0.125,1.0
1556,0.625,64,8,235,235,174,235,174,1.0,0.421875,1.0,1.0
1557,0.625,64,8,505,505,473,505,550,0.625,0.3125,0.53125,1.0
1558,0.625,64,8,160,255,185,255,226,0.328125,0.265625,0.171875,1.0
1559,0.625,64,8,474,474,131,474,131,0.515625,0.21875,0.53125,1.0
1560,0.625,64,8,790,790,854,790,790,1.0,0.359375,1.0,1.0
1561,0.625,64,8,554,460,701,460,701,0.25,1.0,0.4375,1.0
1562,0.625,64,8,847,847,872,847,471,0.65625,0.03125,0.78125,1.0
1563,0.625,64,8,664,664,549,664,549,0.234375,0.203125,0.5625,1.0
1564,0.625,64,8,192,192,701,192,701,1.0,1.0,1.0,1.0
1565,0.625,64,8,504,967,967,968,629,0.28125,0.265625,0.078125,1.0
1566,0.625,64,8,969,917,701,917,701,0.75,0.09375,0.59375,1.0
1567,0.625,64,8,578,578,840,578,840,0.828125,0.109375,1.0,1.0
1568,0.625,64,8,333,333,332,333,332,1.0,0.25,1.0,1.0
1569,0.625,64,8,207,207,213,207,213,0.5625,0.46875,0.4375,1.0
1570,0.625,64,8,654,654,555,654,705,0.3125,0.0,0.3125,1.0
1571,0.625,64,8,743,743,536,743,525,0.8125,0.0,1.0,1.0
1572,0.625,64,8,62,150,103,236,35,0.078125,0.078125,0.0625,1.0
1573,0.625,64,8,462,365,421,365,421,0.125,0.34375,0.0625,1.0
1574,0.625,64,8,34,34,147,34,147,1.0,0.125,1.0,1.0
1575,0.625,64,8,515,834,559,515,765,0.046875,0.03125,0.1875,1.0
1576,0.625,64,8,314,305,305,314,305,0.046875,0.75,1.0,1.0
1577,0.625,64,8,865,865,509,865,509,0.21875,0.1875,0.09375,1.0
1578,0.625,64,8,778,673,701,673,701,0.109375,1.0,0.03125,1.0
1579,0.625,64,8,359,359,359,359,359,0.34375,1.0,0.71875,1.0
1580,0.625,64,8,520,905,669,520,669,0.15625,0.296875,0.203125,1.0
1581,0.625,64,8,167,166,195,166,251,0.6875,0.03125,1.0,1.0
1582,0.625,64,8,450,450,435,450,450,1.0,0.0,1.0,1.0
1583,0.625,64,8,174,174,174,174,174,1.0,1.0,1.0,1.0
1584,0.625,64,8,775,775,976,775,976,0.59375,0.1875,0.59375,1.0
1585,0.625,64,8,154,201,201,201,201,0.9375,0.25,1.0,1.0
1586,0.625,64,8,436,569,898,656,461,0.046875,0.171875,0.171875,1.0
1587,0.625,64,8,256,229,908,229,908,0.171875,0.28125,0.015625,1.0
1588,0.625,64,8,896,896,844,896,896,0.3125,0.171875,0.53125,1.0
1589,0.625,64,8,652,652,652,652,652,0.890625,0.09375,0.9375,1.0
1590,0.625,64,8,335,330,367,330,365,0.046875,0.03125,0.09375,1.0
1591,0.625,64,8,778,778,778,409,778,0.25,0.15625,0.0625,1.0
1592,0.625,64,8,595,595,553,595,553,0.90625,0.484375,0.9375,1.0
1593,0.625,64,8,831,697,529,697,529,0.453125,0.359375,0.5625,1.0
1594,0.625,64,8,784,784,458,784,418,0.703125,0.046875,0.765625,1.0
1595,0.625,64,8,906,906,906,906,906,0.125,0.78125,0.421875,1.0
1596,0.625,64,8,222,222,222,222,222,0.1875,0.1875,0.96875,1.0
1597,0.625,64,8,734,734,404,734,404,0.84375,0.3125,0.71875,1.0
1598,0.625,64,8,350,350,352,350,352,1.0,0.03125,1.0,1.0
1599,0.625,64,8,439,439,701,439,573,1.0,0.328125,1.0,1.0
1600,0.625,64,8,590,590,4,590,592,0.015625,0.078125,0.125,1.0
1601,0.625,64,8,368,368,385,368,384,0.9375,0.046875,0.84375,1.0
1602,0.625,64,8,499,477,477,477,477,0.1875,0.0625,0.0625,1.0
1603,0.625,64,8,437,437,628,628,628,0.046875,0.421875,0.515625,1.0
1604,0.625,64,8,294,294,294,294,294,1.0,0.4375,1.0,1.0
1605,0.625,64,8,618,506,635,635,635,0.09375,0.078125,0.1875,1.0
1606,0.625,64,8,40,46,31,40,40,0.328125,0.71875,0.59375,1.0
1607,0.625,64,8,381,369,4,369,783,0.875,0.0,1.0,1.0
1608,0.625,64,8,752,644,954,641,767,0.21875,0.0625,0.3125,1.0
1609,0.625,64,8,908,908,897,908,897,1.0,0.28125,1.0,1.0
1610,0.625,64,8,136,136,127,136,136,1.0,0.03125,1.0,1.0
1611,0.625,64,8,56,56,34,56,34,1.0,0.46875,1.0,1.0
1612,0.625,64,8,862,862,470,862,470,0.6875,0.4375,1.0,1.0
1613,0.625,64,8,403,403,437,403,437,1.0,0.515625,1.0,1.0
1614,0.625,64,8,776,819,327,819,327,0.65625,0.109375,0.0625,1.0
1615,0.625,64,8,13,13,622,13,622,1.0,0.296875,1.0,1.0
1616,0.625,64,8,897,745,553,897,553,0.0,0.484375,0.03125,1.0
1617,0.625,64,8,604,604,494,604,494,0.921875,0.203125,0.921875,1.0
1618,0.625,64,8,520,520,669,669,669,0.1875,0.8125,0.34375,1.0
1619,0.625,64,8,33,150,150,150,34,0.546875,0.078125,0.5625,1.0
1620,0.625,64,8,759,759,681,759,681,1.0,0.34375,1.0,1.0
1621,0.625,64,8,938,938,937,938,937,1.0,0.84375,1.0,1.0
1622,0.625,64,8,940,940,940,940,942,1.0,0.3125,1.0,1.0
1623,0.625,64,8,245,195,195,195,195,0.21875,0.125,0.4375,1.0
1624,0.625,64,8,734,609,908,609,802,0.546875,0.078125,0.4375,1.0
1625,0.625,64,8,625,625,553,625,553,1.0,0.421875,1.0,1.0
1626,0.625,64,8,587,563,701,563,701,0.25,1.0,0.296875,1.0
1627,0.625,64,8,984,984,984,984,984,1.0,0.609375,1.0,1.0
1628,0.625,64,8,305,305,622,305,305,0.625,0.046875,0.90625,1.0
1629,0.625,64,8,75,75,75,75,75,1.0,0.453125,1.0,1.0
1630,0.625,64,8,533,533,496,533,496,1.0,0.875,1.0,1.0
1631,0.625,64,8,931,931,932,931,931,1.0,0.171875,1.0,1.0
1632,0.625,64,8,280,107,107,280,103,0.125,0.546875,0.15625,1.0
1633,0.625,64,8,520,520,553,520,553,1.0,0.0625,1.0,1.0
1634,0.625,64,8,996,996,116,996,116,1.0,0.375,1.0,1.0
1635,0.625,64,8,241,241,241,241,241,1.0,0.375,1.0,1.0
1636,0.625,64,8,729,648,799,648,648,0.359375,0.03125,0.390625,1.0
1637,0.625,64,8,329,329,419,329,419,0.03125,0.3125,0.46875,1.0
1638,0.625,64,8,183,183,183,183,183,1.0,0.421875,1.0,1.0
1639,0.625,64,8,700,651,553,651,526,0.03125,0.0625,0.203125,1.0
1640,0.625,64,8,703,703,703,703,703,1.0,0.0,1.0,1.0
1641,0.625,64,8,759,759,844,759,759,1.0,0.015625,1.0,1.0
1642,0.625,64,8,865,865,582,865,865,0.96875,0.25,1.0,1.0
1643,0.625,64,8,672,672,701,672,701,0.734375,1.0,0.828125,1.0
1644,0.625,64,8,915,915,750,915,750,1.0,0.265625,1.0,1.0
1645,0.625,64,8,179,179,621,179,179,1.0,0.125,1.0,1.0
1646,0.625,64,8,743,743,743,743,743,0.5,0.296875,0.453125,1.0
1647,0.625,64,8,643,552,552,552,552,0.0,0.46875,0.25,1.0
1648,0.625,64,8,842,842,470,842,971,0.5625,0.0625,1.0,1.0
1649,0.625,64,8,71,71,71,71,962,0.96875,0.03125,0.9375,1.0
1650,0.625,64,8,663,873,718,663,483,0.0625,0.09375,0.078125,1.0
1651,0.625,64,8,467,467,178,467,929,1.0,0.109375,1.0,1.0
1652,0.625,64,8,699,594,893,687,726,0.0,0.09375,0.046875,1.0
1653,0.625,64,8,158,158,195,158,195,1.0,0.5625,1.0,1.0
1654,0.625,64,8,810,508,984,620,984,0.171875,0.765625,0.328125,1.0
1655,0.625,64,8,905,905,905,905,905,0.578125,0.796875,0.859375,1.0
1656,0.625,64,8,237,237,237,237,237,1.0,0.40625,1.0,1.0
1657,0.625,64,8,215,215,218,215,218,1.0,0.15625,1.0,1.0
1658,0.625,64,8,272,272,253,272,253,0.96875,0.234375,1.0,1.0
1659,0.625,64,8,786,786,469,786,469,0.671875,0.375,0.9375,1.0
1660,0.625,64,8,682,682,682,682,682,0.90625,0.9375,1.0,1.0
1661,0.625,64,8,233,233,158,233,158,0.5625,0.015625,0.375,1.0
1662,0.625,64,8,625,625,625,625,625,1.0,0.25,1.0,1.0
1663,0.625,64,8,579,579,876,579,876,0.4375,0.0625,0.6875,1.0
1664,0.625,64,8,262,262,179,262,179,0.46875,0.03125,0.765625,1.0
1665,0.625,64,8,399,399,630,399,579,1.0,0.09375,1.0,1.0
1666,0.625,64,8,205,197,199,197,6,0.265625,0.0,0.65625,1.0
1667,0.625,64,8,291,291,347,291,850,0.640625,0.046875,0.265625,1.0
1668,0.625,64,8,454,794,553,794,760,0.21875,0.296875,0.15625,1.0
1669,0.625,64,8,994,994,677,994,679,1.0,0.15625,1.0,1.0
1670,0.625,64,8,676,603,184,603,168,0.5,0.09375,0.875,1.0
1671,0.625,64,8,120,120,52,120,302,0.140625,0.09375,0.203125,1.0
1672,0.625,64,8,630,630,806,630,615,0.65625,0.171875,0.34375,1.0
1673,0.625,64,8,472,472,472,472,472,0.6875,0.3125,0.59375,1.0
1674,0.625,64,8,647,647,905,647,492,0.875,0.078125,0.96875,1.0
1675,0.625,64,8,859,807,814,807,814,0.15625,0.65625,0.21875,1.0
1676,0.625,64,8,665,665,908,665,920,0.65625,0.1875,0.78125,1.0
1677,0.625,64,8,636,385,38,385,344,0.4375,0.15625,0.484375,1.0
1678,0.625,64,8,296,257,332,257,89,0.125,0.046875,0.03125,1.0
1679,0.625,64,8,806,806,549,806,549,1.0,0.265625,1.0,1.0
1680,0.625,64,8,307,307,892,307,892,0.71875,0.375,0.90625,1.0
1681,0.625,64,8,354,354,386,354,385,1.0,0.078125,1.0,1.0
1682,0.625,64,8,986,986,986,986,986,1.0,0.78125,1.0,1.0
1683,0.625,64,8,967,967,967,967,455,1.0,0.234375,1.0,1.0
1684,0.625,64,8,627,627,627,627,627,1.0,0.34375,1.0,1.0
1685,0.625,64,8,187,153,203,196,203,0.03125,0.5,0.203125,1.0
1686,0.625,64,8,755,755,896,755,567,1.0,0.203125,1.0,1.0
1687,0.625,64,8,748,443,951,443,984,0.265625,0.03125,0.4375,1.0
1688,0.625,64,8,504,846,619,846,619,0.65625,0.296875,0.84375,1.0
1689,0.625,64,8,595,595,958,595,958,0.6875,0.171875,0.6875,1.0
1690,0.625,64,8,881,881,905,881,905,0.796875,0.453125,0.703125,1.0
1691,0.625,64,8,436,627,897,627,897,0.59375,0.125,0.578125,1.0
1692,0.625,64,8,877,877,744,877,744,0.9375,0.09375,0.75,1.0
1693,0.625,64,8,241,241,112,241,112,1.0,0.25,1.0,1.0
1694,0.625,64,8,425,425,538,425,425,1.0,0.328125,1.0,1.0
1695,0.625,64,8,496,496,496,496,496,1.0,0.484375,1.0,1.0
1696,0.625,64,8,793,793,679,793,107,1.0,0.078125,1.0,1.0
1697,0.625,64,8,548,548,598,548,598,1.0,0.359375,1.0,1.0
1698,0.625,64,8,714,714,59,714,714,1.0,0.140625,1.0,1.0
1699,0.625,64,8,887,776,31,776,776,0.078125,0.046875,0.375,1.0
1700,0.625,64,8,964,934,964,934,964,0.265625,0.546875,0.015625,1.0
1701,0.625,64,8,951,950,951,950,951,0.703125,1.0,0.96875,1.0
1702,0.625,64,8,721,893,419,893,419,0.96875,0.421875,0.96875,1.0
1703,0.625,64,8,521,521,846,521,846,1.0,1.0,1.0,1.0
1704,0.625,64,8,684,684,549,684,967,0.53125,0.0,0.6875,1.0
1705,0.625,64,8,539,539,539,539,539,1.0,0.546875,1.0,1.0
1706,0.625,64,8,539,282,282,282,282,0.5,0.390625,0.625,1.0
1707,0.625,64,8,356,356,382,356,382,1.0,0.140625,1.0,1.0
1708,0.625,64,8,860,860,860,860,860,0.1875,0.453125,0.28125,1.0
1709,0.625,64,8,361,361,361,361,361,1.0,0.515625,1.0,1.0
1710,0.625,64,8,582,582,398,582,398,0.671875,0.09375,0.46875,1.0
1711,0.625,64,8,36,36,36,36,36,1.0,0.53125,1.0,1.0
1712,0.625,64,8,804,896,673,896,673,0.71875,0.25,0.96875,1.0
1713,0.625,64,8,906,834,399,834,834,1.0,0.6875,1.0,1.0
1714,0.625,64,8,167,215,215,166,215,0.078125,0.3125,0.046875,1.0
1715,0.625,64,8,958,958,958,958,958,1.0,0.4375,1.0,1.0
1716,0.625,64,8,887,614,902,614,652,0.546875,0.1875,0.3125,1.0
1717,0.625,64,8,50,50,490,50,490,0.359375,0.484375,0.34375,1.0
1718,0.625,64,8,806,615,419,615,419,0.40625,0.078125,0.375,1.0
1719,0.625,64,8,591,591,443,591,443,0.59375,0.28125,0.96875,1.0
1720,0.625,64,8,783,783,783,783,783,1.0,0.328125,1.0,1.0
1721,0.625,64,8,118,118,120,118,120,0.859375,0.84375,1.0,1.0
1722,0.625,64,8,857,490,490,490,490,0.734375,0.25,0.65625,1.0
1723,0.625,64,8,12,12,8,12,12,0.6875,0.1875,1.0,1.0
1724,0.625,64,8,214,214,214,214,214,0.65625,0.34375,1.0,1.0
1725,0.625,64,8,355,355,258,355,195,0.90625,0.09375,1.0,1.0
1726,0.625,64,8,886,886,480,886,480,0.9375,0.234375,1.0,1.0
1727,0.625,64,8,629,629,902,629,902,0.375,0.171875,0.3125,1.0
1728,0.625,64,8,920,920,435,920,435,0.4375,0.125,0.71875,1.0
1729,0.625,64,8,128,131,701,131,701,0.453125,0.375,0.390625,1.0
1730,0.625,64,8,769,594,789,542,453,0.09375,0.203125,0.234375,1.0
1731,0.625,64,8,743,743,743,743,743,1.0,0.1875,1.0,1.0
1732,0.625,64,8,181,181,181,181,181,1.0,0.5625,1.0,1.0
1733,0.625,64,8,236,213,107,236,107,0.09375,0.53125,0.171875,1.0
1734,0.625,64,8,869,869,755,869,755,0.34375,0.046875,1.0,1.0
1735,0.625,64,8,880,880,900,880,900,0.90625,0.078125,0.90625,1.0
1736,0.625,64,8,667,667,906,667,906,0.296875,0.53125,0.40625,1.0
1737,0.625,64,8,768,768,768,768,768,1.0,0.546875,1.0,1.0
1738,0.625,64,8,585,697,624,424,799,0.0625,0.234375,0.0,1.0
1739,0.625,64,8,277,277,326,277,387,1.0,0.046875,1.0,1.0
1740,0.625,64,8,518,518,817,518,817,0.765625,0.046875,0.9375,1.0
1741,0.625,64,8,322,322,40,322,40,1.0,0.296875,1.0,1.0
1742,0.625,64,8,728,489,915,489,915,0.328125,0.4375,0.078125,1.0
1743,0.625,64,8,445,445,779,445,984,0.75,0.078125,0.8125,1.0
1744,0.625,64,8,933,933,962,933,962,1.0,0.359375,1.0,1.0
1745,0.625,64,8,984,984,945,984,945,1.0,0.171875,1.0,1.0
1746,0.625,64,8,44,46,46,46,59,0.625,0.0,0.875,1.0
1747,0.625,64,8,463,463,463,463,463,0.78125,0.296875,0.78125,1.0
1748,0.625,64,8,727,727,727,727,727,1.0,0.203125,1.0,1.0
1749,0.625,64,8,844,673,896,719,896,0.453125,0.25,0.125,1.0
1750,0.625,64,8,892,409,409,409,409,0.5625,0.234375,0.875,1.0
1751,0.625,64,8,403,403,437,403,437,0.390625,0.3125,0.4375,1.0
1752,0.625,64,8,276,276,291,276,291,1.0,0.5,1.0,1.0
1753,0.625,64,8,876,463,463,463,463,0.53125,0.84375,0.8125,1.0
1754,0.625,64,8,938,938,938,938,938,1.0,0.03125,1.0,1.0
1755,0.625,64,8,341,520,629,520,721,0.03125,0.015625,0.359375,1.0
1756,0.625,64,8,286,293,850,293,850,0.84375,0.15625,0.875,1.0
1757,0.625,64,8,423,424,760,424,760,0.90625,0.1875,0.8125,1.0
1758,0.625,64,8,627,627,627,627,627,1.0,0.40625,1.0,1.0
1759,0.625,64,8,335,335,335,335,335,1.0,0.328125,1.0,1.0
1760,0.625,64,8,844,695,695,695,695,0.625,0.125,0.828125,1.0
1761,0.625,64,8,213,213,220,213,220,1.0,0.1875,1.0,1.0
1762,0.625,64,8,969,969,747,969,966,0.6875,0.265625,0.96875,1.0
1763,0.625,64,8,603,603,603,603,603,0.53125,0.234375,0.21875,1.0
1764,0.625,64,8,707,707,598,707,424,1.0,0.046875,1.0,1.0
1765,0.625,64,8,453,453,453,453,453,0.78125,1.0,0.65625,1.0
1766,0.625,64,8,107,107,107,107,107,1.0,0.59375,1.0,1.0
1767,0.625,64,8,202,202,192,202,192,0.0625,0.140625,0.296875,1.0
1768,0.625,64,8,153,153,229,153,153,0.296875,0.25,0.484375,1.0
1769,0.625,64,8,692,692,818,692,818,0.421875,0.46875,0.28125,1.0
1770,0.625,64,8,901,504,437,504,437,0.78125,0.46875,0.6875,1.0
1771,0.625,64,8,28,28,28,28,28,1.0,1.0,1.0,1.0
1772,0.625,64,8,133,133,102,133,305,0.96875,0.109375,0.96875,1.0
1773,0.625,64,8,727,727,538,727,538,0.84375,0.21875,0.84375,1.0
1774,0.625,64,8,339,339,906,339,906,0.0625,0.34375,0.140625,1.0
1775,0.625,64,8,134,131,132,132,132,0.03125,0.015625,0.8125,1.0
1776,0.625,64,8,812,657,557,657,557,0.46875,0.1875,0.6875,1.0
1777,0.625,64,8,685,685,409,685,895,1.0,0.0,1.0,1.0
1778,0.625,64,8,203,199,258,203,258,0.109375,1.0,0.015625,1.0
1779,0.625,64,8,684,684,684,684,684,1.0,0.28125,1.0,1.0
1780,0.625,64,8,210,210,39,210,39,1.0,0.15625,1.0,1.0
1781,0.625,64,8,534,534,846,534,846,1.0,0.71875,1.0,1.0
1782,0.625,64,8,89,89,89,89,89,0.96875,0.625,1.0,1.0
1783,0.625,64,8,979,979,825,979,979,1.0,0.46875,1.0,1.0
1784,0.625,64,8,25,25,25,25,25,1.0,0.625,1.0,1.0
1785,0.625,64,8,879,723,971,723,971,0.109375,0.078125,0.25,1.0
1786,0.625,64,8,884,884,506,884,532,1.0,0.0625,1.0,1.0
1787,0.625,64,8,511,511,701,511,701,1.0,1.0,1.0,1.0
1788,0.625,64,8,350,350,512,350,512,0.578125,0.0625,1.0,1.0
1789,0.625,64,8,879,703,559,703,559,0.46875,0.28125,0.671875,1.0
1790,0.625,64,8,384,384,384,384,384,1.0,0.015625,1.0,1.0
1791,0.625,64,8,881,881,881,881,881,1.0,0.125,1.0,1.0
1792,0.625,64,8,621,621,544,621,346,1.0,0.0,0.78125,1.0
1793,0.625,64,8,186,186,185,186,186,0.9375,0.140625,1.0,1.0
1794,0.625,64,8,86,86,68,86,142,0.28125,1.0,0.46875,1.0
1795,0.625,64,8,497,888,701,663,557,0.109375,0.609375,0.0,1.0
1796,0.625,64,8,445,445,701,445,701,1.0,0.59375,1.0,1.0
1797,0.625,64,8,794,709,750,709,750,0.3125,0.15625,0.09375,1.0
1798,0.625,64,8,948,948,948,948,948,1.0,0.328125,1.0,1.0
1799,0.625,64,8,972,979,976,979,979,0.28125,0.234375,0.8125,1.0
1800,0.625,64,8,154,155,89,155,332,0.28125,0.234375,0.25,1.0
1801,0.625,64,8,49,49,49,49,49,1.0,0.46875,1.0,1.0
1802,0.625,64,8,736,522,951,522,951,0.4375,0.609375,0.3125,1.0
1803,0.625,64,8,914,780,682,780,682,1.0,0.625,1.0,1.0
1804,0.625,64,8,175,175,229,175,229,0.96875,0.15625,1.0,1.0
1805,0.625,64,8,559,701,430,701,746,0.5,0.0,0.53125,1.0
1806,0.625,64,8,720,951,720,720,720,0.328125,0.5,0.046875,1.0
1807,0.625,64,8,445,445,445,445,445,0.15625,0.296875,0.28125,1.0
1808,0.625,64,8,370,370,385,370,373,0.4375,0.125,0.5,1.0
1809,0.625,64,8,164,164,178,164,178,1.0,0.0625,1.0,1.0
1810,0.625,64,8,315,304,318,317,55,0.140625,0.5,0.109375,1.0
1811,0.625,64,8,908,908,908,908,908,0.53125,0.25,0.5625,1.0
1812,0.625,64,8,404,404,701,404,701,1.0,1.0,1.0,1.0
1813,0.625,64,8,516,431,111,431,111,0.9375,0.25,0.9375,1.0
1814,0.625,64,8,280,280,50,280,858,1.0,0.125,1.0,1.0
1815,0.625,64,8,507,754,908,754,896,0.609375,0.140625,0.484375,1.0
1816,0.625,64,8,302,308,314,308,314,0.46875,0.375,0.65625,1.0
1817,0.625,64,8,940,942,950,942,950,0.8125,0.453125,0.9375,1.0
1818,0.625,64,8,555,555,908,555,908,1.0,0.4375,1.0,1.0
1819,0.625,64,8,604,604,720,604,720,1.0,0.078125,1.0,1.0
1820,0.625,64,8,808,808,806,808,806,1.0,0.28125,1.0,1.0
1821,0.625,64,8,492,492,553,492,553,0.34375,0.46875,0.140625,1.0
1822,0.625,64,8,114,114,934,114,114,1.0,0.078125,1.0,1.0
1823,0.625,64,8,388,388,825,388,388,0.65625,0.015625,1.0,1.0
1824,0.625,64,8,637,637,900,637,687,1.0,0.828125,1.0,1.0
1825,0.625,64,8,64,55,55,46,55,0.484375,0.328125,0.421875,1.0
1826,0.625,64,8,159,159,168,159,168,0.109375,0.078125,0.953125,1.0
1827,0.625,64,8,199,199,183,199,183,0.96875,0.390625,1.0,1.0
1828,0.625,64,8,210,210,892,210,673,1.0,0.0625,1.0,1.0
1829,0.625,64,8,151,245,162,151,180,0.109375,0.5,0.09375,1.0
1830,0.625,64,8,952,952,945,952,945,0.9375,0.0,0.875,1.0
1831,0.625,64,8,825,972,982,872,460,0.125,0.078125,0.03125,1.0
1832,0.625,64,8,509,509,860,509,860,1.0,0.015625,1.0,1.0
1833,0.625,64,8,382,382,382,382,382,0.90625,0.125,1.0,1.0
1834,0.625,64,8,773,773,967,773,967,0.9375,0.34375,1.0,1.0
1835,0.625,64,8,142,142,980,142,980,0.8125,0.359375,0.78125,1.0
1836,0.625,64,8,452,474,701,735,701,0.0,0.90625,0.109375,1.0
1837,0.625,64,8,743,489,888,489,888,0.96875,0.046875,0.96875,1.0
1838,0.625,64,8,903,903,153,903,153,0.65625,0.390625,0.8125,1.0
1839,0.625,64,8,781,781,781,781,781,0.96875,0.21875,0.96875,1.0
1840,0.625,64,8,412,412,553,412,553,0.546875,0.34375,0.5,1.0
1841,0.625,64,8,619,84,645,84,645,0.609375,0.25,0.3125,1.0
1842,0.625,64,8,793,793,679,793,697,0.59375,0.0,0.65625,1.0
1843,0.625,64,8,447,391,437,391,437,0.5,0.359375,0.640625,1.0
1844,0.625,64,8,690,690,346,690,346,1.0,0.375,1.0,1.0
1845,0.625,64,8,854,854,854,854,854,1.0,0.546875,1.0,1.0
1846,0.625,64,8,803,803,736,803,736,0.9375,0.09375,0.90625,1.0
1847,0.625,64,8,275,275,275,275,275,1.0,0.1875,1.0,1.0
1848,0.625,64,8,953,953,987,953,987,0.953125,0.046875,1.0,1.0
1849,0.625,64,8,55,64,55,55,64,0.0625,0.234375,0.234375,1.0
1850,0.625,64,8,941,941,980,941,783,1.0,0.203125,1.0,1.0
1851,0.625,64,8,463,463,443,463,722,0.109375,0.03125,0.5,1.0
1852,0.625,64,8,888,888,888,888,888,1.0,0.34375,1.0,1.0
1853,0.625,64,8,903,445,457,445,457,0.390625,0.234375,0.65625,1.0
1854,0.625,64,8,145,145,145,145,145,1.0,0.109375,1.0,1.0
1855,0.625,64,8,601,601,601,601,601,0.390625,0.515625,0.6875,1.0
1856,0.625,64,8,835,640,4,704,4,0.046875,0.421875,0.15625,1.0
1857,0.625,64,8,148,148,147,148,147,1.0,1.0,1.0,1.0
1858,0.625,64,8,649,649,649,649,958,0.96875,0.03125,1.0,1.0
1859,0.625,64,8,586,586,553,586,553,1.0,0.5625,1.0,1.0
1860,0.625,64,8,868,868,798,868,798,0.546875,0.328125,1.0,1.0
1861,0.625,64,8,990,990,990,990,990,1.0,0.15625,1.0,1.0
1862,0.625,64,8,170,224,256,224,256,0.828125,0.40625,1.0,1.0
1863,0.625,64,8,197,984,205,197,205,0.28125,0.109375,0.09375,1.0
1864,0.625,64,8,61,61,61,61,61,1.0,0.515625,1.0,1.0
1865,0.625,64,8,793,949,496,949,496,0.71875,0.53125,0.46875,1.0
1866,0.625,64,8,87,87,87,87,87,1.0,0.171875,1.0,1.0
1867,0.625,64,8,35,35,50,35,50,1.0,0.015625,1.0,1.0
1868,0.625,64,8,88,88,14,88,14,1.0,0.234375,1.0,1.0
1869,0.625,64,8,790,709,553,709,553,0.703125,0.3125,0.671875,1.0
1870,0.625,64,8,646,739,746,739,746,0.328125,0.140625,0.328125,1.0
1871,0.625,64,8,977,977,977,977,977,1.0,1.0,1.0,1.0
1872,0.625,64,8,594,594,486,594,594,0.96875,0.140625,1.0,1.0
1873,0.625,64,8,773,773,862,773,602,0.4375,0.125,0.546875,1.0
1874,0.625,64,8,849,899,854,849,854,0.03125,0.6875,0.0,1.0
1875,0.625,64,8,3,3,326,3,326,0.9375,0.640625,0.9375,1.0
1876,0.625,64,8,673,650,403,673,777,0.140625,0.140625,0.078125,1.0
1877,0.625,64,8,866,575,879,866,466,0.046875,0.265625,0.078125,1.0
1878,0.625,64,8,760,550,846,550,846,0.046875,0.25,0.046875,1.0
1879,0.625,64,8,839,888,437,888,682,0.25,0.0,0.140625,1.0
1880,0.625,64,8,79,79,726,79,726,1.0,0.296875,1.0,1.0
1881,0.625,64,8,514,514,630,514,461,0.34375,0.125,0.75,1.0
1882,0.625,64,8,126,659,659,712,659,0.015625,0.21875,0.234375,1.0
1883,0.625,64,8,121,121,930,121,930,0.546875,0.078125,0.859375,1.0
1884,0.625,64,8,805,805,723,805,723,1.0,0.5,1.0,1.0
1885,0.625,64,8,765,765,618,765,726,0.34375,0.0625,0.34375,1.0
1886,0.625,64,8,144,144,144,144,144,0.734375,0.40625,1.0,1.0
1887,0.625,64,8,615,615,846,655,846,0.0,0.546875,0.125,1.0
1888,0.625,64,8,896,435,701,435,701,0.234375,0.09375,0.265625,1.0
1889,0.625,64,8,154,153,153,153,153,0.9375,0.359375,0.4375,1.0
1890,0.625,64,8,415,932,964,932,964,0.9375,0.34375,1.0,1.0
1891,0.625,64,8,207,207,89,207,222,0.171875,0.015625,0.0625,1.0
1892,0.625,64,8,665,665,559,665,645,0.359375,0.109375,0.265625,1.0
1893,0.625,64,8,431,516,846,516,578,0.90625,0.015625,1.0,1.0
1894,0.625,64,8,978,536,536,536,724,0.734375,0.015625,0.875,1.0
1895,0.625,64,8,66,677,307,677,307,0.359375,0.546875,0.4375,1.0
1896,0.625,64,8,261,261,261,261,261,0.453125,0.28125,0.4375,1.0
1897,0.625,64,8,296,296,111,296,149,0.703125,0.15625,0.75,1.0
1898,0.625,64,8,750,79,701,79,701,0.03125,0.3125,0.0,1.0
1899,0.625,64,8,274,274,273,274,273,0.453125,0.171875,0.453125,1.0
1900,0.625,64,8,81,288,288,288,288,0.421875,0.453125,0.75,1.0
1901,0.625,64,8,415,933,930,934,934,0.15625,0.078125,0.03125,1.0
1902,0.625,64,8,895,895,557,895,557,0.234375,0.671875,0.6875,1.0
1903,0.625,64,8,616,87,53,87,87,0.453125,0.15625,0.1875,1.0
1904,0.625,64,8,802,802,403,802,403,1.0,0.125,1.0,1.0
1905,0.625,64,8,91,91,701,91,900,0.4375,0.03125,0.484375,1.0
1906,0.625,64,8,961,963,964,963,964,1.0,0.84375,1.0,1.0
1907,0.625,64,8,359,358,358,358,358,0.96875,1.0,1.0,1.0
1908,0.625,64,8,469,469,974,469,974,0.59375,0.390625,0.9375,1.0
1909,0.625,64,8,270,270,270,270,270,1.0,0.40625,1.0,1.0
1910,0.625,64,8,132,132,89,132,89,0.6875,0.375,1.0,1.0
1911,0.625,64,8,738,738,706,738,706,0.296875,0.40625,0.484375,1.0
1912,0.625,64,8,424,424,673,424,679,0.28125,0.046875,0.34375,1.0
1913,0.625,64,8,332,155,333,333,333,0.0,0.03125,0.21875,1.0
1914,0.625,64,8,162,162,162,162,162,1.0,1.0,1.0,1.0
1915,0.625,64,8,548,548,851,548,598,1.0,0.125,1.0,1.0
1916,0.625,64,8,331,331,40,331,40,1.0,0.625,1.0,1.0
1917,0.625,64,8,846,846,763,846,763,0.828125,0.46875,0.875,1.0
1918,0.625,64,8,624,624,624,624,624,0.8125,0.34375,1.0,1.0
1919,0.625,64,8,851,598,553,548,553,0.15625,1.0,0.03125,1.0
1920,0.625,64,8,525,646,460,646,403,0.34375,0.015625,0.21875,1.0
1921,0.625,64,8,408,408,567,408,663,0.875,0.1875,0.96875,1.0
1922,0.625,64,8,661,661,423,661,661,1.0,0.265625,1.0,1.0
1923,0.625,64,8,150,150,147,150,460,0.59375,0.046875,0.5625,1.0
1924,0.625,64,8,802,802,975,802,483,0.703125,0.0625,0.96875,1.0
1925,0.625,64,8,140,140,142,140,142,0.34375,0.28125,0.34375,1.0
1926,0.625,64,8,488,703,908,703,701,0.40625,0.125,0.78125,1.0
1927,0.625,64,8,802,802,802,802,802,1.0,0.46875,1.0,1.0
1928,0.625,64,8,170,170,170,170,170,0.34375,0.078125,0.875,1.0
1929,0.625,64,8,991,991,991,991,991,1.0,0.21875,1.0,1.0
1930,0.625,64,8,656,656,536,656,510,0.90625,0.140625,1.0,1.0
1931,0.625,64,8,160,107,107,160,107,0.46875,0.25,0.84375,1.0
1932,0.625,64,8,49,50,41,50,41,0.203125,0.3125,0.125,1.0
1933,0.625,64,8,267,267,258,267,267,0.625,0.0,1.0,1.0
1934,0.625,64,8,177,297,256,297,256,0.25,0.640625,0.265625,1.0
1935,0.625,64,8,826,826,844,826,844,1.0,0.34375,1.0,1.0
1936,0.625,64,8,565,565,565,565,565,0.90625,0.65625,0.90625,1.0
1937,0.625,64,8,541,542,673,542,418,0.515625,0.03125,0.453125,1.0
1938,0.625,64,8,594,594,743,594,839,1.0,0.09375,1.0,1.0
1939,0.625,64,8,860,860,860,860,860,0.828125,0.15625,0.875,1.0
1940,0.625,64,8,622,130,417,622,633,0.140625,0.109375,0.53125,1.0
1941,0.625,64,8,76,76,321,76,321,0.78125,0.140625,0.71875,1.0
1942,0.625,64,8,222,258,258,258,258,0.140625,0.25,0.34375,1.0
1943,0.625,64,8,853,853,619,853,666,0.359375,0.28125,0.421875,1.0
1944,0.625,64,8,362,206,418,206,499,0.46875,0.0625,0.46875,1.0
1945,0.625,64,8,764,764,783,764,783,0.734375,0.15625,1.0,1.0
1946,0.625,64,8,825,825,958,825,958,0.96875,0.21875,1.0,1.0
1947,0.625,64,8,811,760,713,760,713,0.265625,0.140625,0.65625,1.0
1948,0.625,64,8,484,484,484,484,484,0.625,0.328125,0.5625,1.0
1949,0.625,64,8,630,630,597,630,597,0.9375,0.75,1.0,1.0
1950,0.625,64,8,125,305,419,305,419,0.875,0.703125,0.9375,1.0
1951,0.625,64,8,133,133,956,133,21,0.21875,0.046875,0.296875,1.0
1952,0.625,64,8,614,775,667,775,529,0.6875,0.140625,0.65625,1.0
1953,0.625,64,8,128,128,128,128,128,1.0,0.390625,1.0,1.0
1954,0.625,64,8,798,798,798,798,798,1.0,0.25,1.0,1.0
1955,0.625,64,8,247,247,195,247,195,1.0,0.390625,1.0,1.0
1956,0.625,64,8,527,527,713,527,553,1.0,0.125,1.0,1.0
1957,0.625,64,8,18,18,701,18,701,0.71875,0.75,0.734375,1.0
1958,0.625,64,8,238,238,238,238,238,0.140625,0.25,0.5,1.0
1959,0.625,64,8,691,691,615,691,465,0.34375,0.125,0.21875,1.0
1960,0.625,64,8,279,279,258,279,258,0.515625,0.15625,0.9375,1.0
1961,0.625,64,8,905,789,905,789,905,0.078125,0.203125,0.265625,1.0
1962,0.625,64,8,387,387,387,387,387,1.0,0.453125,1.0,1.0
1963,0.625,64,8,663,497,755,497,557,0.140625,0.203125,0.125,1.0
1964,0.625,64,8,754,485,553,485,754,0.3125,0.109375,0.15625,1.0
1965,0.625,64,8,978,890,460,890,460,0.140625,0.734375,0.28125,1.0
1966,0.625,64,8,797,672,431,672,750,0.859375,0.328125,0.90625,1.0
1967,0.625,64,8,715,715,869,715,869,0.453125,0.21875,0.578125,1.0
1968,0.625,64,8,500,500,500,500,500,1.0,0.96875,1.0,1.0
1969,0.625,64,8,998,998,363,998,363,0.21875,0.0,0.03125,1.0
1970,0.625,64,8,868,787,622,787,787,0.9375,0.015625,1.0,1.0
1971,0.625,64,8,666,666,587,666,543,1.0,0.03125,1.0,1.0
1972,0.625,64,8,88,107,107,107,107,0.21875,0.46875,0.203125,1.0
1973,0.625,64,8,72,72,600,72,600,0.375,0.359375,0.4375,1.0
1974,0.625,64,8,276,276,276,276,276,0.90625,0.359375,1.0,1.0
1975,0.625,64,8,0,0,461,0,3,1.0,0.140625,0.9375,1.0
1976,0.625,64,8,407,734,742,734,742,0.5,0.234375,0.53125,1.0
1977,0.625,64,8,198,198,228,198,261,1.0,0.140625,1.0,1.0
1978,0.625,64,8,855,967,961,967,528,1.0,0.078125,0.96875,1.0
1979,0.625,64,8,726,726,630,726,630,1.0,0.359375,1.0,1.0
1980,0.625,64,8,972,970,976,970,976,0.34375,0.046875,0.34375,1.0
1981,0.625,64,8,435,905,553,753,896,0.09375,0.109375,0.03125,1.0
1982,0.625,64,8,300,300,303,300,303,1.0,0.03125,1.0,1.0
1983,0.625,64,8,745,745,673,745,549,1.0,0.09375,1.0,1.0
1984,0.625,64,8,873,873,873,873,873,1.0,0.484375,1.0,1.0
1985,0.625,64,8,891,891,464,891,681,0.59375,0.03125,0.671875,1.0
1986,0.625,64,8,143,143,128,143,128,0.75,0.390625,1.0,1.0
1987,0.625,64,8,536,628,976,628,976,0.640625,0.46875,0.640625,1.0
1988,0.625,64,8,957,957,957,957,957,1.0,0.640625,1.0,1.0
1989,0.625,64,8,572,430,701,430,845,0.09375,0.078125,0.109375,1.0
1990,0.625,64,8,555,555,736,555,468,1.0,0.4375,1.0,1.0
1991,0.625,64,8,848,848,536,848,536,0.421875,0.34375,0.59375,1.0
1992,0.625,64,8,919,919,919,919,919,1.0,0.21875,1.0,1.0
1993,0.625,64,8,364,364,155,364,192,0.75,0.203125,0.8125,1.0
1994,0.625,64,8,145,145,34,145,34,0.828125,0.421875,0.75,1.0
1995,0.625,64,8,185,186,185,186,185,0.125,0.390625,0.1875,1.0
1996,0.625,64,8,769,806,429,816,429,0.140625,0.5,0.234375,1.0
1997,0.625,64,8,195,195,195,195,195,0.390625,0.71875,0.421875,1.0
1998,0.625,64,8,437,437,437,437,437,0.421875,0.015625,0.34375,1.0
1999,0.625,64,8,291,351,964,351,930,0.71875,0.59375,0.875,1.0
