,lambd,p,true_label,ones_label,logit_gap,cert_r
0,0.25,29,1,1,0.71875,1.4375
1,0.25,23,2,1,0.46875,0.9375
2,0.25,37,2,1,0.046875,0.09375
3,0.25,22,1,2,0.28125,0.5625
4,0.25,33,2,2,1.0,2.0
5,0.25,21,0,1,0.84375,1.6875
6,0.25,38,1,1,0.296875,0.59375
7,0.25,27,2,2,0.46875,0.9375
8,0.25,23,2,2,0.4375,0.875
9,0.25,22,2,2,0.03125,0.0625
10,0.25,35,2,2,0.40625,0.8125
11,0.25,21,0,1,0.453125,0.90625
12,0.25,31,1,1,0.90625,1.8125
13,0.25,17,2,2,0.65625,1.3125
14,0.25,29,1,1,1.0,2.0
15,0.25,28,1,2,0.09375,0.1875
16,0.25,33,1,1,0.8125,1.625
17,0.25,38,1,2,0.375,0.75
18,0.25,23,1,1,0.90625,1.8125
19,0.25,31,1,1,0.421875,0.84375
20,0.25,19,1,1,0.03125,0.0625
21,0.25,40,2,2,0.0625,0.125
22,0.25,25,2,1,0.375,0.75
23,0.25,43,2,1,0.484375,0.96875
24,0.25,24,1,1,0.40625,0.8125
25,0.25,22,2,2,0.28125,0.5625
26,0.25,28,2,2,0.375,0.75
27,0.25,20,2,1,0.125,0.25
28,0.25,28,2,2,0.171875,0.34375
29,0.25,38,2,2,0.53125,1.0625
30,0.25,16,2,1,0.0,0.0
31,0.25,25,1,1,0.5,1.0
32,0.25,24,1,1,0.625,1.25
33,0.25,16,2,1,0.375,0.75
34,0.25,26,2,2,0.4375,0.875
35,0.25,29,1,1,0.875,1.75
36,0.25,42,2,2,0.21875,0.4375
37,0.25,30,1,1,0.9375,1.875
38,0.25,36,0,1,0.328125,0.65625
39,0.25,36,1,1,0.65625,1.3125
40,0.25,36,1,2,0.03125,0.0625
41,0.25,31,1,1,0.90625,1.8125
42,0.25,27,2,2,0.75,1.5
43,0.25,27,1,1,0.59375,1.1875
44,0.25,58,1,1,0.0625,0.125
45,0.25,20,1,1,0.25,0.5
46,0.25,36,0,0,0.296875,0.59375
47,0.25,32,2,2,0.625,1.25
48,0.25,30,1,1,0.5,1.0
49,0.25,38,2,2,0.125,0.25
50,0.25,35,2,2,0.859375,1.71875
51,0.25,29,1,2,0.890625,1.78125
52,0.25,18,1,2,0.25,0.5
53,0.25,20,1,1,0.59375,1.1875
54,0.25,32,2,1,0.59375,1.1875
55,0.25,29,1,2,0.25,0.5
56,0.25,34,0,1,0.5,1.0
57,0.25,30,2,2,0.28125,0.5625
58,0.25,41,0,2,0.34375,0.6875
59,0.25,21,1,1,1.0,2.0
60,0.25,37,2,1,0.21875,0.4375
61,0.25,37,1,2,0.46875,0.9375
62,0.25,39,1,2,0.5625,1.125
63,0.25,39,2,2,0.75,1.5
64,0.25,14,2,2,0.15625,0.3125
65,0.25,21,1,2,0.375,0.75
66,0.25,35,1,1,0.25,0.5
67,0.25,29,2,2,0.65625,1.3125
68,0.25,25,2,2,0.78125,1.5625
69,0.25,18,2,2,0.34375,0.6875
70,0.25,35,0,1,0.5,1.0
71,0.25,32,2,2,0.5625,1.125
72,0.25,33,1,1,0.78125,1.5625
73,0.25,24,2,1,0.4375,0.875
74,0.25,28,2,2,0.53125,1.0625
75,0.25,33,1,0,0.03125,0.0625
76,0.25,17,1,1,0.59375,1.1875
77,0.25,28,1,2,0.625,1.25
78,0.25,18,2,1,0.375,0.75
79,0.25,19,2,1,0.03125,0.0625
80,0.25,23,2,2,0.3125,0.625
81,0.25,24,2,2,0.625,1.25
82,0.25,29,2,2,0.5625,1.125
83,0.25,28,0,1,0.234375,0.46875
84,0.25,31,1,1,0.296875,0.59375
85,0.25,18,1,1,1.0,2.0
86,0.25,30,1,1,0.375,0.75
87,0.25,25,1,1,0.421875,0.84375
88,0.25,37,2,2,0.140625,0.28125
89,0.25,24,2,2,0.3125,0.625
90,0.25,25,0,1,0.21875,0.4375
91,0.25,38,1,2,0.140625,0.28125
92,0.25,12,1,1,0.546875,1.09375
93,0.25,22,1,1,0.875,1.75
94,0.25,26,1,1,0.078125,0.15625
95,0.25,40,2,1,0.296875,0.59375
96,0.25,30,0,1,0.21875,0.4375
97,0.25,27,1,1,1.0,2.0
98,0.25,28,1,1,0.875,1.75
99,0.25,18,2,1,0.46875,0.9375
100,0.25,42,2,2,0.96875,1.9375
101,0.25,36,1,1,0.71875,1.4375
102,0.25,15,1,1,0.5,1.0
103,0.25,28,2,1,0.3125,0.625
104,0.25,24,1,2,0.03125,0.0625
105,0.25,32,2,1,0.34375,0.6875
106,0.25,54,0,0,0.734375,1.46875
107,0.25,25,1,1,1.0,2.0
108,0.25,28,1,2,0.5,1.0
109,0.25,31,1,1,0.84375,1.6875
110,0.25,32,2,1,0.5,1.0
111,0.25,34,2,1,0.09375,0.1875
112,0.25,33,2,0,0.140625,0.28125
113,0.25,25,2,2,0.28125,0.5625
114,0.25,31,1,1,0.90625,1.8125
115,0.25,20,2,2,0.84375,1.6875
116,0.25,19,1,1,0.28125,0.5625
117,0.25,29,0,0,0.109375,0.21875
118,0.25,21,2,2,0.046875,0.09375
119,0.25,41,1,1,0.125,0.25
120,0.25,29,2,2,0.0625,0.125
121,0.25,19,1,1,0.84375,1.6875
122,0.25,29,0,0,0.21875,0.4375
123,0.25,34,1,1,0.6875,1.375
124,0.25,30,2,1,0.34375,0.6875
125,0.25,33,2,1,0.3125,0.625
126,0.25,31,2,2,0.59375,1.1875
127,0.25,23,1,1,1.0,2.0
128,0.25,44,0,0,0.03125,0.0625
129,0.25,23,1,1,0.078125,0.15625
130,0.25,25,2,2,0.875,1.75
131,0.25,29,2,2,0.359375,0.71875
132,0.25,34,2,2,0.78125,1.5625
133,0.25,31,2,2,0.34375,0.6875
134,0.25,38,1,1,0.578125,1.15625
135,0.25,12,1,1,1.0,2.0
136,0.25,23,1,1,0.625,1.25
137,0.25,29,1,1,0.15625,0.3125
138,0.25,24,1,1,0.34375,0.6875
139,0.25,33,2,2,1.0,2.0
140,0.25,27,2,1,0.8125,1.625
141,0.25,7,2,1,0.3125,0.625
142,0.25,41,1,1,0.0625,0.125
143,0.25,36,2,2,0.6875,1.375
144,0.25,27,2,2,0.5625,1.125
145,0.25,17,2,2,0.4375,0.875
146,0.25,34,1,1,0.0,0.0
147,0.25,29,1,1,0.640625,1.28125
148,0.25,22,2,1,0.21875,0.4375
149,0.25,57,1,1,0.53125,1.0625
150,0.25,29,1,1,0.125,0.25
151,0.25,37,0,0,0.234375,0.46875
152,0.25,27,2,1,0.0,0.0
153,0.25,31,1,1,1.0,2.0
154,0.25,28,1,1,0.71875,1.4375
155,0.25,30,1,1,0.0625,0.125
156,0.25,18,1,1,1.0,2.0
157,0.25,35,2,1,0.1875,0.375
158,0.25,36,1,1,0.59375,1.1875
159,0.25,34,1,1,0.9375,1.875
160,0.25,35,1,1,0.015625,0.03125
161,0.25,30,1,2,0.65625,1.3125
162,0.25,24,2,2,0.25,0.5
163,0.25,15,1,1,0.5,1.0
164,0.25,40,1,1,0.5,1.0
165,0.25,32,0,1,0.71875,1.4375
166,0.25,31,1,1,0.875,1.75
167,0.25,29,1,1,1.0,2.0
168,0.25,25,1,1,0.8125,1.625
169,0.25,26,1,1,0.84375,1.6875
170,0.25,28,0,0,0.375,0.75
171,0.25,32,2,2,0.90625,1.8125
172,0.25,31,1,1,0.5,1.0
173,0.25,28,0,0,0.359375,0.71875
174,0.25,24,1,2,0.34375,0.6875
175,0.25,36,0,0,0.171875,0.34375
176,0.25,32,2,2,0.4375,0.875
177,0.25,29,0,1,0.46875,0.9375
178,0.25,27,2,1,0.0,0.0
179,0.25,44,1,1,0.4375,0.875
180,0.25,36,1,1,0.9375,1.875
181,0.25,30,1,2,0.03125,0.0625
182,0.25,24,2,1,0.15625,0.3125
183,0.25,37,2,2,0.625,1.25
184,0.25,26,2,2,0.40625,0.8125
185,0.25,24,1,1,0.65625,1.3125
186,0.25,17,1,1,0.65625,1.3125
187,0.25,25,2,2,1.0,2.0
188,0.25,18,1,1,1.0,2.0
189,0.25,35,2,2,0.4375,0.875
190,0.25,37,2,1,0.65625,1.3125
191,0.25,20,2,2,1.0,2.0
192,0.25,27,2,1,0.0625,0.125
193,0.25,20,2,2,0.34375,0.6875
194,0.25,26,1,1,0.90625,1.8125
195,0.25,29,2,2,0.484375,0.96875
196,0.25,28,1,2,0.296875,0.59375
197,0.25,31,2,2,0.46875,0.9375
198,0.25,30,1,2,0.125,0.25
199,0.25,28,2,1,0.28125,0.5625
200,0.25,22,2,1,0.125,0.25
201,0.25,27,0,2,0.15625,0.3125
202,0.25,35,2,1,0.28125,0.5625
203,0.25,29,0,1,0.75,1.5
204,0.25,20,2,2,0.125,0.25
205,0.25,48,2,1,0.03125,0.0625
206,0.25,33,2,1,0.1875,0.375
207,0.25,17,2,1,0.1875,0.375
208,0.25,42,1,1,0.90625,1.8125
209,0.25,33,0,0,0.328125,0.65625
210,0.25,34,1,1,0.171875,0.34375
211,0.25,39,2,2,1.0,2.0
212,0.25,33,2,2,0.71875,1.4375
213,0.25,27,1,1,0.4375,0.875
214,0.25,12,1,1,0.3125,0.625
215,0.25,26,1,1,0.75,1.5
216,0.25,38,0,2,0.34375,0.6875
217,0.25,28,2,1,0.40625,0.8125
218,0.25,31,2,2,0.28125,0.5625
219,0.25,27,1,2,0.03125,0.0625
220,0.25,49,1,1,0.75,1.5
221,0.25,32,1,1,0.46875,0.9375
222,0.25,16,1,2,0.25,0.5
223,0.25,42,0,1,0.40625,0.8125
224,0.25,24,2,1,0.28125,0.5625
225,0.25,34,2,1,0.015625,0.03125
226,0.25,34,2,1,0.96875,1.9375
227,0.25,18,1,2,0.1875,0.375
228,0.25,36,1,0,0.0625,0.125
229,0.25,26,1,1,0.46875,0.9375
230,0.25,23,1,1,0.484375,0.96875
231,0.25,36,1,1,0.375,0.75
232,0.25,28,1,1,1.0,2.0
233,0.25,27,1,1,0.6875,1.375
234,0.25,31,2,2,1.0,2.0
235,0.25,28,1,1,0.71875,1.4375
236,0.25,25,1,1,0.6875,1.375
237,0.25,29,1,1,0.515625,1.03125
238,0.25,28,1,1,0.8125,1.625
239,0.25,34,2,1,0.203125,0.40625
240,0.25,43,2,2,1.0,2.0
241,0.25,30,2,2,0.625,1.25
242,0.25,28,1,1,0.25,0.5
243,0.25,27,2,1,0.53125,1.0625
244,0.25,31,1,1,0.0625,0.125
245,0.25,35,1,1,0.96875,1.9375
246,0.25,29,2,1,0.125,0.25
247,0.25,37,2,2,0.71875,1.4375
248,0.25,25,0,2,0.0625,0.125
249,0.25,33,0,1,0.234375,0.46875
250,0.25,30,2,2,0.46875,0.9375
251,0.25,38,2,2,0.28125,0.5625
252,0.25,28,2,2,0.53125,1.0625
253,0.25,32,2,2,0.40625,0.8125
254,0.25,17,2,2,0.34375,0.6875
255,0.25,26,0,1,0.25,0.5
256,0.25,31,2,2,1.0,2.0
257,0.25,32,2,2,0.5625,1.125
258,0.25,37,1,1,0.578125,1.15625
259,0.25,25,2,1,1.0,2.0
260,0.25,30,2,2,0.8125,1.625
261,0.25,37,1,1,1.0,2.0
262,0.25,33,2,2,0.40625,0.8125
263,0.25,37,0,1,0.1875,0.375
264,0.25,39,0,0,0.140625,0.28125
265,0.25,38,1,1,0.75,1.5
266,0.25,25,1,2,0.3125,0.625
267,0.25,37,2,2,0.625,1.25
268,0.25,29,0,1,0.296875,0.59375
269,0.25,25,2,2,0.5625,1.125
270,0.25,21,2,1,1.0,2.0
271,0.25,34,0,1,0.125,0.25
272,0.25,32,1,1,0.0625,0.125
273,0.25,34,1,1,0.9375,1.875
274,0.25,21,0,1,1.0,2.0
275,0.25,18,1,1,0.90625,1.8125
276,0.25,32,1,1,0.265625,0.53125
277,0.25,12,1,1,0.78125,1.5625
278,0.25,18,1,1,0.5,1.0
279,0.25,29,2,1,0.59375,1.1875
280,0.25,21,2,2,0.21875,0.4375
281,0.25,31,2,1,0.34375,0.6875
282,0.25,28,1,2,0.8125,1.625
283,0.25,24,2,2,0.265625,0.53125
284,0.25,28,0,2,0.015625,0.03125
285,0.25,30,2,2,0.625,1.25
286,0.25,38,0,1,0.328125,0.65625
287,0.25,27,2,2,0.65625,1.3125
288,0.25,35,1,1,0.453125,0.90625
289,0.25,34,1,1,0.40625,0.8125
290,0.25,23,2,2,0.9375,1.875
291,0.25,37,2,1,0.09375,0.1875
292,0.25,44,2,2,0.625,1.25
293,0.25,19,1,1,0.875,1.75
294,0.25,32,2,1,0.65625,1.3125
295,0.25,36,0,1,0.875,1.75
296,0.25,41,1,1,0.5625,1.125
297,0.25,46,2,2,0.25,0.5
298,0.25,32,2,2,0.609375,1.21875
299,0.25,27,2,1,0.25,0.5
300,0.25,23,2,2,0.5625,1.125
301,0.25,50,2,2,0.65625,1.3125
302,0.25,35,2,2,0.28125,0.5625
303,0.25,42,1,1,0.90625,1.8125
304,0.25,21,1,2,0.1875,0.375
305,0.25,28,1,1,0.5,1.0
306,0.25,19,1,1,1.0,2.0
307,0.25,19,2,2,0.25,0.5
308,0.25,37,2,2,0.84375,1.6875
309,0.25,17,1,2,0.46875,0.9375
310,0.25,49,2,2,0.40625,0.8125
311,0.25,35,0,2,0.40625,0.8125
312,0.25,30,1,1,0.8125,1.625
313,0.25,22,2,2,0.75,1.5
314,0.25,28,1,2,0.65625,1.3125
315,0.25,23,0,1,1.0,2.0
316,0.25,28,1,1,0.15625,0.3125
317,0.25,47,1,1,0.96875,1.9375
318,0.25,20,1,1,0.75,1.5
319,0.25,22,1,1,0.75,1.5
320,0.25,34,1,1,0.9375,1.875
321,0.25,21,1,1,0.0,0.0
322,0.25,35,1,1,0.6875,1.375
323,0.25,26,2,2,0.0625,0.125
324,0.25,19,0,1,0.125,0.25
325,0.25,26,0,1,0.03125,0.0625
326,0.25,30,0,0,0.234375,0.46875
327,0.25,31,2,2,0.8125,1.625
328,0.25,34,2,2,1.0,2.0
329,0.25,27,0,0,0.125,0.25
330,0.25,39,0,1,0.0,0.0
331,0.25,35,0,1,0.03125,0.0625
332,0.25,32,2,1,0.59375,1.1875
333,0.25,40,0,1,0.15625,0.3125
334,0.25,25,2,1,1.0,2.0
335,0.25,19,0,1,0.5,1.0
336,0.25,27,0,1,1.0,2.0
337,0.25,19,1,2,0.03125,0.0625
338,0.25,37,0,1,0.0625,0.125
339,0.25,41,2,2,0.125,0.25
340,0.25,33,1,1,0.359375,0.71875
341,0.25,32,2,1,0.5625,1.125
342,0.25,21,2,1,0.28125,0.5625
343,0.25,40,1,1,0.8125,1.625
344,0.25,32,2,2,0.453125,0.90625
345,0.25,40,2,2,0.53125,1.0625
346,0.25,32,2,2,0.4375,0.875
347,0.25,29,1,1,0.75,1.5
348,0.25,27,1,1,0.703125,1.40625
349,0.25,40,1,2,0.40625,0.8125
350,0.25,27,1,1,0.34375,0.6875
351,0.25,42,2,2,0.84375,1.6875
352,0.25,22,1,1,0.9375,1.875
353,0.25,42,0,0,0.09375,0.1875
354,0.25,29,2,2,0.234375,0.46875
355,0.25,33,2,2,0.71875,1.4375
356,0.25,13,1,1,0.125,0.25
357,0.25,28,1,1,0.4375,0.875
358,0.25,33,0,0,0.203125,0.40625
359,0.25,34,0,0,0.078125,0.15625
360,0.25,9,1,1,0.578125,1.15625
361,0.25,28,1,1,0.09375,0.1875
362,0.25,12,1,1,0.421875,0.84375
363,0.25,19,2,2,0.046875,0.09375
364,0.25,26,1,1,0.84375,1.6875
365,0.25,33,1,1,1.0,2.0
366,0.25,27,0,0,0.25,0.5
367,0.25,33,1,1,0.515625,1.03125
368,0.25,33,2,2,0.375,0.75
369,0.25,33,1,1,0.25,0.5
370,0.25,35,1,1,0.90625,1.8125
371,0.25,22,2,2,0.15625,0.3125
372,0.25,16,2,2,0.40625,0.8125
373,0.25,27,1,1,0.53125,1.0625
374,0.25,36,0,1,0.21875,0.4375
375,0.25,39,0,2,0.328125,0.65625
376,0.25,46,1,1,0.421875,0.84375
377,0.25,33,2,1,0.0625,0.125
378,0.25,33,0,1,0.875,1.75
379,0.25,32,1,1,0.78125,1.5625
380,0.25,27,1,1,0.46875,0.9375
381,0.25,25,1,1,0.90625,1.8125
382,0.25,33,0,2,0.046875,0.09375
383,0.25,40,2,0,0.15625,0.3125
384,0.25,33,2,2,0.875,1.75
385,0.25,32,2,2,0.84375,1.6875
386,0.25,25,0,0,0.421875,0.84375
387,0.25,40,1,1,0.75,1.5
388,0.25,17,1,1,1.0,2.0
389,0.25,33,0,1,0.46875,0.9375
390,0.25,39,1,2,0.09375,0.1875
391,0.25,27,0,1,0.359375,0.71875
392,0.25,23,2,2,0.34375,0.6875
393,0.25,32,2,2,0.3125,0.625
394,0.25,25,2,2,0.46875,0.9375
395,0.25,43,2,2,0.0625,0.125
396,0.25,30,2,1,0.46875,0.9375
397,0.25,28,0,1,0.15625,0.3125
398,0.25,19,0,1,0.1875,0.375
399,0.25,26,2,2,0.34375,0.6875
400,0.25,32,1,1,0.9375,1.875
401,0.25,12,1,1,1.0,2.0
402,0.25,14,1,1,1.0,2.0
403,0.25,8,2,1,0.28125,0.5625
404,0.25,27,1,2,0.34375,0.6875
405,0.25,32,1,1,1.0,2.0
406,0.25,34,1,1,0.265625,0.53125
407,0.25,29,2,2,0.5625,1.125
408,0.25,23,1,1,0.109375,0.21875
409,0.25,23,2,1,0.5,1.0
410,0.25,46,1,1,0.25,0.5
411,0.25,44,2,2,0.546875,1.09375
412,0.25,29,2,2,0.25,0.5
413,0.25,31,1,1,1.0,2.0
414,0.25,35,1,1,0.4375,0.875
415,0.25,32,2,2,0.515625,1.03125
416,0.25,32,0,1,0.21875,0.4375
417,0.25,25,2,2,0.40625,0.8125
418,0.25,33,2,1,0.375,0.75
419,0.25,40,1,1,0.328125,0.65625
420,0.25,26,1,2,0.5,1.0
421,0.25,27,2,2,0.609375,1.21875
422,0.25,35,2,2,0.8125,1.625
423,0.25,18,2,1,0.0625,0.125
424,0.25,22,1,1,0.3125,0.625
425,0.25,32,1,0,0.015625,0.03125
426,0.25,31,1,1,0.6875,1.375
427,0.25,36,1,1,0.21875,0.4375
428,0.25,24,2,1,0.6875,1.375
429,0.25,29,2,2,0.96875,1.9375
430,0.25,18,2,1,0.46875,0.9375
431,0.25,15,2,2,0.90625,1.8125
432,0.25,23,0,0,0.640625,1.28125
433,0.25,36,0,1,0.8125,1.625
434,0.25,26,2,2,0.8125,1.625
435,0.25,22,2,2,0.3125,0.625
436,0.25,28,2,2,0.28125,0.5625
437,0.25,26,2,1,0.78125,1.5625
438,0.25,39,0,0,0.09375,0.1875
439,0.25,27,1,1,1.0,2.0
440,0.25,13,0,1,0.25,0.5
441,0.25,31,1,1,0.03125,0.0625
442,0.25,30,1,1,0.3125,0.625
443,0.25,36,2,2,0.75,1.5
444,0.25,39,1,1,0.71875,1.4375
445,0.25,26,2,2,0.59375,1.1875
446,0.25,29,1,1,0.75,1.5
447,0.25,37,2,2,0.5,1.0
448,0.25,29,1,2,0.21875,0.4375
449,0.25,29,1,1,0.1875,0.375
450,0.25,39,0,2,0.015625,0.03125
451,0.25,26,0,1,0.078125,0.15625
452,0.25,23,1,2,0.21875,0.4375
453,0.25,33,2,1,0.34375,0.6875
454,0.25,32,2,2,1.0,2.0
455,0.25,37,0,0,0.125,0.25
456,0.25,30,2,1,0.4375,0.875
457,0.25,17,2,2,0.5625,1.125
458,0.25,21,1,2,0.6875,1.375
459,0.25,30,2,2,0.71875,1.4375
460,0.25,33,1,1,0.6875,1.375
461,0.25,29,0,1,0.25,0.5
462,0.25,36,0,1,0.375,0.75
463,0.25,22,1,1,1.0,2.0
464,0.25,34,2,2,0.9375,1.875
465,0.25,31,2,2,0.21875,0.4375
466,0.25,35,1,1,0.34375,0.6875
467,0.25,29,1,1,0.8125,1.625
468,0.25,14,1,1,1.0,2.0
469,0.25,45,1,1,0.15625,0.3125
470,0.25,17,1,1,0.75,1.5
471,0.25,31,2,2,0.34375,0.6875
472,0.25,39,0,1,0.0625,0.125
473,0.25,41,1,1,0.5625,1.125
474,0.25,14,2,1,0.484375,0.96875
475,0.25,27,2,2,0.5625,1.125
476,0.25,32,1,2,0.078125,0.15625
477,0.25,38,2,2,0.40625,0.8125
478,0.25,27,1,1,0.71875,1.4375
479,0.25,28,2,2,0.96875,1.9375
480,0.25,36,2,1,0.09375,0.1875
481,0.25,38,2,2,0.46875,0.9375
482,0.25,26,2,2,0.25,0.5
483,0.25,23,1,1,0.203125,0.40625
484,0.25,18,2,1,0.625,1.25
485,0.25,27,2,2,0.8125,1.625
486,0.25,35,2,2,1.0,2.0
487,0.25,28,1,1,0.78125,1.5625
488,0.25,25,1,1,0.875,1.75
489,0.25,32,1,1,0.84375,1.6875
490,0.25,23,0,1,0.03125,0.0625
491,0.25,23,0,2,0.109375,0.21875
492,0.25,34,2,1,0.21875,0.4375
493,0.25,43,2,1,0.5,1.0
494,0.25,37,2,1,0.625,1.25
495,0.25,48,1,2,0.03125,0.0625
496,0.25,39,0,1,0.03125,0.0625
497,0.25,28,1,1,0.96875,1.9375
498,0.25,36,1,1,0.328125,0.65625
499,0.25,31,2,2,1.0,2.0
500,0.25,29,1,2,0.015625,0.03125
501,0.25,30,0,0,0.125,0.25
502,0.25,28,2,1,1.0,2.0
503,0.25,23,2,2,0.84375,1.6875
504,0.25,35,0,1,1.0,2.0
505,0.25,33,2,1,0.375,0.75
506,0.25,32,1,2,0.5625,1.125
507,0.25,20,2,2,0.15625,0.3125
508,0.25,24,1,1,0.5,1.0
509,0.25,24,2,1,0.03125,0.0625
510,0.25,22,2,2,0.515625,1.03125
511,0.25,22,2,2,0.21875,0.4375
512,0.25,30,2,1,0.53125,1.0625
513,0.25,27,1,1,0.125,0.25
514,0.25,24,2,2,0.4375,0.875
515,0.25,34,1,1,1.0,2.0
516,0.25,32,1,1,0.96875,1.9375
517,0.25,31,2,2,0.328125,0.65625
518,0.25,19,2,2,0.71875,1.4375
519,0.25,32,1,1,0.0625,0.125
520,0.25,26,2,2,0.46875,0.9375
521,0.25,37,1,1,0.875,1.75
522,0.25,13,2,1,0.65625,1.3125
523,0.25,16,2,1,0.0,0.0
524,0.25,29,2,2,0.53125,1.0625
525,0.25,25,1,2,0.28125,0.5625
526,0.25,28,1,1,0.8125,1.625
527,0.25,26,2,2,0.40625,0.8125
528,0.25,32,2,1,0.25,0.5
529,0.25,42,2,2,0.625,1.25
530,0.25,28,2,2,0.5625,1.125
531,0.25,23,1,2,0.421875,0.84375
532,0.25,19,1,1,0.03125,0.0625
533,0.25,29,2,2,0.4375,0.875
534,0.25,21,2,2,0.53125,1.0625
535,0.25,32,0,0,0.40625,0.8125
536,0.25,14,1,1,0.46875,0.9375
537,0.25,31,2,2,0.90625,1.8125
538,0.25,33,2,1,0.4375,0.875
539,0.25,33,1,1,0.96875,1.9375
540,0.25,26,0,1,0.1875,0.375
541,0.25,33,0,1,0.0625,0.125
542,0.25,26,2,2,0.65625,1.3125
543,0.25,34,1,1,0.09375,0.1875
544,0.25,24,1,2,0.4375,0.875
545,0.25,22,1,1,1.0,2.0
546,0.25,37,1,2,0.28125,0.5625
547,0.25,31,2,2,1.0,2.0
548,0.25,33,1,1,0.65625,1.3125
549,0.25,27,0,2,0.546875,1.09375
550,0.25,32,2,1,0.03125,0.0625
551,0.25,25,1,1,1.0,2.0
552,0.25,27,2,1,0.75,1.5
553,0.25,12,1,1,0.53125,1.0625
554,0.25,29,2,2,0.515625,1.03125
555,0.25,34,0,1,0.453125,0.90625
556,0.25,37,2,2,1.0,2.0
557,0.25,19,2,1,0.0,0.0
558,0.25,42,2,1,0.03125,0.0625
559,0.25,32,2,2,0.53125,1.0625
560,0.25,36,2,2,0.0625,0.125
561,0.25,35,1,1,1.0,2.0
562,0.25,30,1,2,0.421875,0.84375
563,0.25,24,0,0,0.046875,0.09375
564,0.25,51,1,1,1.0,2.0
565,0.25,37,1,1,1.0,2.0
566,0.25,22,2,1,0.0,0.0
567,0.25,41,1,1,0.078125,0.15625
568,0.25,19,2,2,0.34375,0.6875
569,0.25,46,1,1,0.84375,1.6875
570,0.25,33,1,1,0.40625,0.8125
571,0.25,47,1,1,1.0,2.0
572,0.25,30,2,2,0.875,1.75
573,0.25,22,1,1,0.625,1.25
574,0.25,12,2,1,0.46875,0.9375
575,0.25,22,1,2,0.1875,0.375
576,0.25,31,1,1,1.0,2.0
577,0.25,38,1,1,0.78125,1.5625
578,0.25,27,2,2,0.203125,0.40625
579,0.25,22,2,2,0.3125,0.625
580,0.25,38,1,2,0.25,0.5
581,0.25,21,2,1,0.4375,0.875
582,0.25,27,1,2,0.4375,0.875
583,0.25,32,2,1,1.0,2.0
584,0.25,23,1,1,0.125,0.25
585,0.25,32,2,2,0.21875,0.4375
586,0.25,23,2,1,0.25,0.5
587,0.25,40,1,1,0.875,1.75
588,0.25,26,0,1,0.5,1.0
589,0.25,27,1,1,0.71875,1.4375
590,0.25,33,1,1,0.46875,0.9375
591,0.25,24,0,1,0.625,1.25
592,0.25,38,2,2,1.0,2.0
593,0.25,27,2,2,0.09375,0.1875
594,0.25,33,2,2,0.5625,1.125
595,0.25,25,1,1,0.875,1.75
596,0.25,50,1,1,1.0,2.0
597,0.25,14,2,1,0.375,0.75
598,0.25,18,0,1,0.40625,0.8125
599,0.25,38,2,1,0.84375,1.6875
600,0.25,30,0,0,0.265625,0.53125
601,0.25,19,0,1,0.484375,0.96875
602,0.25,27,1,1,0.96875,1.9375
603,0.25,38,0,1,0.5,1.0
604,0.25,19,1,1,1.0,2.0
605,0.25,19,2,1,0.28125,0.5625
606,0.25,36,2,2,0.75,1.5
607,0.25,35,0,1,0.5,1.0
608,0.25,22,0,2,0.046875,0.09375
609,0.25,33,1,1,0.34375,0.6875
610,0.25,34,1,2,0.375,0.75
611,0.25,24,2,1,0.09375,0.1875
612,0.25,25,1,1,0.5,1.0
613,0.25,35,2,2,0.125,0.25
614,0.25,14,1,1,0.5,1.0
615,0.25,31,2,2,0.78125,1.5625
616,0.25,42,1,1,1.0,2.0
617,0.25,29,2,1,0.0625,0.125
618,0.25,43,0,2,0.359375,0.71875
619,0.25,35,1,1,0.5625,1.125
620,0.25,14,2,2,0.03125,0.0625
621,0.25,29,0,0,0.03125,0.0625
622,0.25,22,1,1,1.0,2.0
623,0.25,37,0,0,0.453125,0.90625
624,0.25,16,1,1,0.5625,1.125
625,0.25,32,0,1,0.609375,1.21875
626,0.25,36,1,1,0.625,1.25
627,0.25,31,1,0,0.015625,0.03125
628,0.25,33,0,0,0.140625,0.28125
629,0.25,31,2,1,0.96875,1.9375
630,0.25,37,1,1,0.25,0.5
631,0.25,34,2,2,0.6875,1.375
632,0.25,24,2,1,0.25,0.5
633,0.25,23,2,2,0.328125,0.65625
634,0.25,26,0,1,0.65625,1.3125
635,0.25,35,2,2,0.1875,0.375
636,0.25,35,2,2,0.96875,1.9375
637,0.25,14,1,1,0.6875,1.375
638,0.25,28,2,2,0.78125,1.5625
639,0.25,19,1,2,0.8125,1.625
640,0.25,25,1,2,0.21875,0.4375
641,0.25,23,1,1,1.0,2.0
642,0.25,23,2,1,0.25,0.5
643,0.25,29,1,1,0.375,0.75
644,0.25,13,1,1,1.0,2.0
645,0.25,25,2,2,0.5625,1.125
646,0.25,17,1,1,1.0,2.0
647,0.25,28,2,2,0.03125,0.0625
648,0.25,30,0,1,0.46875,0.9375
649,0.25,38,1,1,1.0,2.0
650,0.25,13,1,1,0.78125,1.5625
651,0.25,25,0,0,0.25,0.5
652,0.25,32,1,1,1.0,2.0
653,0.25,23,2,2,0.84375,1.6875
654,0.25,36,1,1,0.5625,1.125
655,0.25,33,1,1,0.25,0.5
656,0.25,25,1,1,0.53125,1.0625
657,0.25,37,2,2,0.828125,1.65625
658,0.25,20,2,1,0.5625,1.125
659,0.25,15,1,1,0.5,1.0
660,0.25,31,2,1,0.375,0.75
661,0.25,35,2,2,0.546875,1.09375
662,0.25,37,1,1,1.0,2.0
663,0.25,28,2,1,0.078125,0.15625
664,0.25,23,1,1,0.8125,1.625
665,0.25,23,2,1,0.0,0.0
666,0.25,31,1,0,0.4375,0.875
667,0.25,28,1,1,0.65625,1.3125
668,0.25,35,2,1,0.71875,1.4375
669,0.25,33,1,1,0.0625,0.125
670,0.25,38,1,2,0.03125,0.0625
671,0.25,10,0,1,0.5,1.0
672,0.25,27,0,2,0.1875,0.375
673,0.25,22,2,1,0.1875,0.375
674,0.25,33,2,2,0.09375,0.1875
675,0.25,29,1,1,0.78125,1.5625
676,0.25,27,0,1,0.3125,0.625
677,0.25,34,1,1,0.046875,0.09375
678,0.25,18,2,1,0.40625,0.8125
679,0.25,30,2,2,0.625,1.25
680,0.25,23,2,1,0.3125,0.625
681,0.25,27,1,1,1.0,2.0
682,0.25,25,1,1,0.5,1.0
683,0.25,42,1,1,0.859375,1.71875
684,0.25,33,2,2,0.015625,0.03125
685,0.25,35,0,1,0.53125,1.0625
686,0.25,33,2,1,0.96875,1.9375
687,0.25,33,2,2,0.5625,1.125
688,0.25,34,1,1,0.59375,1.1875
689,0.25,19,1,1,0.9375,1.875
690,0.25,19,2,2,0.0625,0.125
691,0.25,42,1,1,1.0,2.0
692,0.25,35,2,1,0.125,0.25
693,0.25,33,2,1,0.6875,1.375
694,0.25,29,1,1,0.109375,0.21875
695,0.25,34,1,1,0.59375,1.1875
696,0.25,25,0,2,0.125,0.25
697,0.25,32,1,1,0.09375,0.1875
698,0.25,25,1,1,0.78125,1.5625
699,0.25,31,1,1,0.1875,0.375
700,0.25,23,0,1,0.4375,0.875
701,0.25,37,1,1,0.78125,1.5625
702,0.25,24,1,1,0.4375,0.875
703,0.25,22,2,2,0.09375,0.1875
704,0.25,25,1,1,0.15625,0.3125
705,0.25,21,2,2,0.5,1.0
706,0.25,21,1,1,0.15625,0.3125
707,0.25,14,1,1,0.84375,1.6875
708,0.25,23,1,1,0.8125,1.625
709,0.25,49,0,0,0.203125,0.40625
710,0.25,24,2,2,0.3125,0.625
711,0.25,30,2,2,0.40625,0.8125
712,0.25,33,1,1,0.65625,1.3125
713,0.25,31,0,0,0.46875,0.9375
714,0.25,22,1,1,0.96875,1.9375
715,0.25,38,2,1,0.71875,1.4375
716,0.25,42,2,1,0.1875,0.375
717,0.25,29,2,2,0.15625,0.3125
718,0.25,34,1,1,0.53125,1.0625
719,0.25,26,1,1,0.625,1.25
720,0.25,28,1,1,0.453125,0.90625
721,0.25,30,1,1,0.4375,0.875
722,0.25,11,0,1,0.40625,0.8125
723,0.25,32,2,1,0.25,0.5
724,0.25,29,2,2,0.0625,0.125
725,0.25,27,2,2,0.15625,0.3125
726,0.25,28,0,1,0.875,1.75
727,0.25,25,1,1,0.25,0.5
728,0.25,25,1,1,0.6875,1.375
729,0.25,35,1,1,0.03125,0.0625
730,0.25,19,2,2,0.40625,0.8125
731,0.25,37,2,1,0.0,0.0
732,0.25,35,1,1,0.34375,0.6875
733,0.25,25,1,1,0.875,1.75
734,0.25,35,2,2,0.28125,0.5625
735,0.25,30,1,1,0.03125,0.0625
736,0.25,32,2,2,0.46875,0.9375
737,0.25,37,2,1,0.59375,1.1875
738,0.25,36,0,1,0.265625,0.53125
739,0.25,39,1,1,1.0,2.0
740,0.25,25,1,1,0.46875,0.9375
741,0.25,15,1,1,0.53125,1.0625
742,0.25,15,2,2,0.15625,0.3125
743,0.25,38,2,2,0.8125,1.625
744,0.25,31,2,2,0.65625,1.3125
745,0.25,28,2,2,0.8125,1.625
746,0.25,27,1,2,0.375,0.75
747,0.25,44,0,1,0.03125,0.0625
748,0.25,33,1,1,0.4375,0.875
749,0.25,44,0,0,0.046875,0.09375
750,0.25,12,2,2,0.53125,1.0625
751,0.25,25,2,2,0.125,0.25
752,0.25,29,1,2,0.5625,1.125
753,0.25,34,2,2,0.46875,0.9375
754,0.25,41,1,2,0.5,1.0
755,0.25,26,1,1,0.3125,0.625
756,0.25,25,0,1,0.09375,0.1875
757,0.25,21,1,1,0.53125,1.0625
758,0.25,24,2,2,0.125,0.25
759,0.25,36,2,2,0.90625,1.8125
760,0.25,33,2,2,0.71875,1.4375
761,0.25,25,1,1,0.734375,1.46875
762,0.25,31,2,1,0.21875,0.4375
763,0.25,29,2,2,0.75,1.5
764,0.25,26,2,2,0.375,0.75
765,0.25,29,2,1,1.0,2.0
766,0.25,16,1,2,0.8125,1.625
767,0.25,28,2,1,0.5,1.0
768,0.25,25,1,1,0.25,0.5
769,0.25,38,1,1,0.609375,1.21875
770,0.25,35,1,0,0.28125,0.5625
771,0.25,32,2,2,0.0625,0.125
772,0.25,30,2,2,0.8125,1.625
773,0.25,23,1,1,1.0,2.0
774,0.25,24,1,1,0.65625,1.3125
775,0.25,37,1,1,1.0,2.0
776,0.25,16,2,1,0.34375,0.6875
777,0.25,18,1,1,0.84375,1.6875
778,0.25,31,2,2,0.1875,0.375
779,0.25,34,2,1,0.15625,0.3125
780,0.25,27,0,1,0.25,0.5
781,0.25,25,2,2,0.84375,1.6875
782,0.25,37,2,2,0.484375,0.96875
783,0.25,14,2,1,0.15625,0.3125
784,0.25,23,2,2,0.375,0.75
785,0.25,35,1,1,0.6875,1.375
786,0.25,20,1,1,0.3125,0.625
787,0.25,40,1,1,1.0,2.0
788,0.25,27,2,2,1.0,2.0
789,0.25,23,1,1,0.125,0.25
790,0.25,29,1,1,0.5,1.0
791,0.25,29,2,2,0.3125,0.625
792,0.25,17,2,2,0.3125,0.625
793,0.25,37,2,2,0.078125,0.15625
794,0.25,24,0,1,0.6875,1.375
795,0.25,29,1,1,1.0,2.0
796,0.25,17,1,1,0.1875,0.375
797,0.25,26,1,1,0.8125,1.625
798,0.25,35,1,1,0.53125,1.0625
799,0.25,17,0,1,0.515625,1.03125
800,0.25,27,1,1,0.90625,1.8125
801,0.25,18,1,2,0.375,0.75
802,0.25,33,2,2,0.46875,0.9375
803,0.25,20,1,1,0.578125,1.15625
804,0.25,14,1,1,0.5,1.0
805,0.25,28,1,1,1.0,2.0
806,0.25,23,0,1,0.53125,1.0625
807,0.25,29,2,1,0.015625,0.03125
808,0.25,24,1,1,0.625,1.25
809,0.25,20,2,2,0.40625,0.8125
810,0.25,29,0,1,0.46875,0.9375
811,0.25,16,1,1,1.0,2.0
812,0.25,31,1,1,1.0,2.0
813,0.25,32,1,0,0.515625,1.03125
814,0.25,35,0,1,0.015625,0.03125
815,0.25,39,1,1,1.0,2.0
816,0.25,29,1,1,0.5625,1.125
817,0.25,30,2,1,0.3125,0.625
818,0.25,9,2,1,0.5,1.0
819,0.25,34,1,1,0.0,0.0
820,0.25,11,2,1,0.5,1.0
821,0.25,34,0,0,0.328125,0.65625
822,0.25,23,2,1,0.25,0.5
823,0.25,44,2,2,0.203125,0.40625
824,0.25,30,1,1,0.96875,1.9375
825,0.25,29,2,2,0.46875,0.9375
826,0.25,38,2,1,0.15625,0.3125
827,0.25,33,1,2,0.34375,0.6875
828,0.25,30,0,1,0.875,1.75
829,0.25,38,1,2,0.5625,1.125
830,0.25,38,2,2,0.5625,1.125
831,0.25,29,2,1,0.3125,0.625
832,0.25,38,2,2,0.59375,1.1875
833,0.25,36,1,2,0.53125,1.0625
834,0.25,39,0,1,0.375,0.75
835,0.25,36,1,1,1.0,2.0
836,0.25,20,1,1,1.0,2.0
837,0.25,19,1,1,0.75,1.5
838,0.25,26,1,2,0.1875,0.375
839,0.25,39,2,2,0.4375,0.875
840,0.25,23,2,2,0.71875,1.4375
841,0.25,33,2,1,0.78125,1.5625
842,0.25,27,2,1,0.0625,0.125
843,0.25,21,1,1,1.0,2.0
844,0.25,34,2,1,0.09375,0.1875
845,0.25,31,1,2,0.0625,0.125
846,0.25,38,1,1,0.046875,0.09375
847,0.25,41,2,0,0.4375,0.875
848,0.25,33,2,2,0.1875,0.375
849,0.25,33,0,1,0.21875,0.4375
850,0.25,20,2,2,0.125,0.25
851,0.25,26,1,1,0.90625,1.8125
852,0.25,31,1,1,0.5,1.0
853,0.25,37,1,1,0.28125,0.5625
854,0.25,32,1,1,0.6875,1.375
855,0.25,27,0,1,0.9375,1.875
856,0.25,31,1,1,0.0625,0.125
857,0.25,26,1,1,0.75,1.5
858,0.25,35,2,2,0.09375,0.1875
859,0.25,13,2,1,0.09375,0.1875
860,0.25,35,2,2,0.140625,0.28125
861,0.25,38,2,1,1.0,2.0
862,0.25,26,1,2,0.234375,0.46875
863,0.25,16,0,1,0.59375,1.1875
864,0.25,33,0,2,0.09375,0.1875
865,0.25,33,0,0,0.0625,0.125
866,0.25,25,2,2,0.65625,1.3125
867,0.25,17,1,2,0.0625,0.125
868,0.25,34,1,2,0.34375,0.6875
869,0.25,28,2,2,0.90625,1.8125
870,0.25,25,1,2,0.15625,0.3125
871,0.25,29,2,2,0.8125,1.625
872,0.25,30,0,0,0.1875,0.375
873,0.25,30,2,2,0.875,1.75
874,0.25,41,1,1,0.96875,1.9375
875,0.25,35,1,1,1.0,2.0
876,0.25,30,2,2,0.4375,0.875
877,0.25,32,0,1,0.5,1.0
878,0.25,16,1,1,1.0,2.0
879,0.25,33,2,2,1.0,2.0
880,0.25,28,1,1,0.96875,1.9375
881,0.25,43,0,1,0.15625,0.3125
882,0.25,20,2,2,0.28125,0.5625
883,0.25,19,0,0,0.46875,0.9375
884,0.25,17,1,1,0.5625,1.125
885,0.25,14,1,1,0.5,1.0
886,0.25,22,1,1,1.0,2.0
887,0.25,28,1,1,1.0,2.0
888,0.25,30,1,1,0.03125,0.0625
889,0.25,12,2,1,0.09375,0.1875
890,0.25,35,0,0,0.4375,0.875
891,0.25,28,0,1,0.328125,0.65625
892,0.25,35,2,1,0.0,0.0
893,0.25,11,1,1,1.0,2.0
894,0.25,26,2,1,0.609375,1.21875
895,0.25,35,2,2,0.125,0.25
896,0.25,32,1,1,0.28125,0.5625
897,0.25,31,2,2,0.5,1.0
898,0.25,10,1,1,0.78125,1.5625
899,0.25,32,2,1,0.0,0.0
900,0.25,32,1,1,0.84375,1.6875
901,0.25,31,1,1,1.0,2.0
902,0.25,28,2,1,0.625,1.25
903,0.25,24,0,0,0.328125,0.65625
904,0.25,40,1,1,0.34375,0.6875
905,0.25,45,2,2,0.1875,0.375
906,0.25,32,2,2,0.90625,1.8125
907,0.25,43,0,1,0.484375,0.96875
908,0.25,14,2,1,0.59375,1.1875
909,0.25,21,1,1,0.5625,1.125
910,0.25,29,2,2,0.625,1.25
911,0.25,41,1,1,0.546875,1.09375
912,0.25,29,2,2,0.59375,1.1875
913,0.25,13,2,2,0.34375,0.6875
914,0.25,29,2,2,0.15625,0.3125
915,0.25,14,2,1,0.25,0.5
916,0.25,36,2,2,0.78125,1.5625
917,0.25,34,2,1,0.0,0.0
918,0.25,25,0,1,0.21875,0.4375
919,0.25,18,1,1,0.65625,1.3125
920,0.25,32,2,1,0.15625,0.3125
921,0.25,20,2,1,0.28125,0.5625
922,0.25,24,2,2,0.125,0.25
923,0.25,37,1,1,1.0,2.0
924,0.25,32,2,1,0.46875,0.9375
925,0.25,36,1,1,0.125,0.25
926,0.25,33,0,2,0.171875,0.34375
927,0.25,39,0,2,0.375,0.75
928,0.25,25,2,1,0.15625,0.3125
929,0.25,27,1,2,0.0625,0.125
930,0.25,22,0,1,0.90625,1.8125
931,0.25,28,2,1,0.46875,0.9375
932,0.25,26,0,1,0.1875,0.375
933,0.25,31,2,1,0.5,1.0
934,0.25,29,0,1,0.21875,0.4375
935,0.25,33,1,1,0.265625,0.53125
936,0.25,15,1,1,1.0,2.0
937,0.25,29,1,1,0.28125,0.5625
938,0.25,33,0,1,0.578125,1.15625
939,0.25,22,2,1,0.65625,1.3125
940,0.25,38,2,2,0.65625,1.3125
941,0.25,18,1,1,0.0,0.0
942,0.25,21,1,1,0.53125,1.0625
943,0.25,30,0,0,0.1875,0.375
944,0.25,35,2,2,0.46875,0.9375
945,0.25,19,1,1,1.0,2.0
946,0.25,15,2,2,0.03125,0.0625
947,0.25,20,2,2,0.78125,1.5625
948,0.25,36,1,1,0.25,0.5
949,0.25,38,2,2,0.34375,0.6875
950,0.25,16,2,2,0.1875,0.375
951,0.25,31,2,2,0.25,0.5
952,0.25,16,2,2,0.53125,1.0625
953,0.25,23,1,1,0.484375,0.96875
954,0.25,26,2,2,0.5625,1.125
955,0.25,22,2,1,0.0,0.0
956,0.25,31,2,2,0.96875,1.9375
957,0.25,39,1,1,1.0,2.0
958,0.25,31,0,0,0.21875,0.4375
959,0.25,40,1,1,1.0,2.0
960,0.25,34,2,1,0.1875,0.375
961,0.25,21,1,1,1.0,2.0
962,0.25,26,2,1,0.46875,0.9375
963,0.25,21,2,2,0.5625,1.125
964,0.25,22,0,1,0.078125,0.15625
965,0.25,25,1,1,0.515625,1.03125
966,0.25,24,1,1,0.828125,1.65625
967,0.25,21,1,1,0.375,0.75
968,0.25,35,1,1,0.3125,0.625
969,0.25,26,2,2,0.71875,1.4375
970,0.25,35,1,1,0.375,0.75
971,0.25,41,1,2,0.171875,0.34375
972,0.25,46,2,1,0.53125,1.0625
973,0.25,38,0,0,0.15625,0.3125
974,0.25,37,2,2,0.125,0.25
975,0.25,33,2,2,0.90625,1.8125
976,0.25,30,2,2,0.78125,1.5625
977,0.25,20,2,1,0.4375,0.875
978,0.25,15,2,1,0.90625,1.8125
979,0.25,27,1,1,0.375,0.75
980,0.25,21,1,1,0.34375,0.6875
981,0.25,34,1,1,1.0,2.0
982,0.25,11,0,1,0.5,1.0
983,0.25,11,2,2,0.53125,1.0625
984,0.25,26,2,1,0.0,0.0
985,0.25,31,0,2,0.3125,0.625
986,0.25,27,2,2,0.375,0.75
987,0.25,31,0,1,0.625,1.25
988,0.25,30,2,2,0.46875,0.9375
989,0.25,35,2,2,0.34375,0.6875
990,0.25,29,2,0,0.125,0.25
991,0.25,29,0,1,0.140625,0.28125
992,0.25,31,0,0,0.1875,0.375
993,0.25,32,1,1,0.25,0.5
994,0.25,27,2,1,0.28125,0.5625
995,0.25,25,2,2,0.46875,0.9375
996,0.25,47,1,1,0.0,0.0
997,0.25,32,0,0,0.046875,0.09375
998,0.25,35,2,2,0.546875,1.09375
999,0.25,28,2,2,0.875,1.75
1000,0.25,22,0,1,0.625,1.25
1001,0.25,21,1,1,0.375,0.75
1002,0.25,31,2,2,0.25,0.5
1003,0.25,40,2,1,0.4375,0.875
1004,0.25,28,2,2,0.5625,1.125
1005,0.25,34,1,1,0.6875,1.375
1006,0.25,35,2,1,0.1875,0.375
1007,0.25,14,1,1,0.0,0.0
1008,0.25,30,1,1,1.0,2.0
1009,0.25,28,1,2,0.03125,0.0625
1010,0.25,33,1,1,0.6875,1.375
1011,0.25,32,0,1,0.0,0.0
1012,0.25,34,1,1,0.515625,1.03125
1013,0.25,38,1,1,1.0,2.0
1014,0.25,19,1,1,0.46875,0.9375
1015,0.25,25,1,1,1.0,2.0
1016,0.25,28,2,2,0.0625,0.125
1017,0.25,31,1,1,0.78125,1.5625
1018,0.25,33,1,1,0.75,1.5
1019,0.25,30,2,1,0.125,0.25
1020,0.25,38,2,2,0.96875,1.9375
1021,0.25,18,0,1,0.453125,0.90625
1022,0.25,25,1,1,0.9375,1.875
1023,0.25,36,1,1,0.46875,0.9375
1024,0.25,24,1,1,1.0,2.0
1025,0.25,28,1,1,1.0,2.0
1026,0.25,21,1,1,0.9375,1.875
1027,0.25,33,2,1,0.3125,0.625
1028,0.25,39,1,1,0.125,0.25
1029,0.25,23,2,2,0.125,0.25
1030,0.25,32,1,2,0.96875,1.9375
1031,0.25,30,1,1,0.59375,1.1875
1032,0.25,28,1,1,0.03125,0.0625
1033,0.25,31,1,1,0.09375,0.1875
1034,0.25,27,2,1,0.296875,0.59375
1035,0.25,31,0,1,0.28125,0.5625
1036,0.25,28,1,2,0.015625,0.03125
1037,0.25,36,2,2,1.0,2.0
1038,0.25,29,2,1,0.15625,0.3125
1039,0.25,26,1,1,1.0,2.0
1040,0.25,26,0,1,0.875,1.75
1041,0.25,21,1,2,0.09375,0.1875
1042,0.25,23,2,2,0.3125,0.625
1043,0.25,18,0,1,0.5,1.0
1044,0.25,26,1,1,0.328125,0.65625
1045,0.25,20,2,1,0.3125,0.625
1046,0.25,40,2,2,1.0,2.0
1047,0.25,33,1,2,0.15625,0.3125
1048,0.25,18,0,1,0.25,0.5
1049,0.25,28,2,1,0.1875,0.375
1050,0.25,19,2,1,0.03125,0.0625
1051,0.25,18,2,1,0.15625,0.3125
1052,0.25,26,2,1,0.375,0.75
1053,0.25,30,0,1,0.0,0.0
1054,0.25,27,2,2,0.84375,1.6875
1055,0.25,30,2,1,0.0625,0.125
1056,0.25,25,2,1,0.46875,0.9375
1057,0.25,17,2,1,0.28125,0.5625
1058,0.25,35,2,1,0.375,0.75
1059,0.25,48,2,1,0.484375,0.96875
1060,0.25,39,0,0,0.140625,0.28125
1061,0.25,20,2,2,0.46875,0.9375
1062,0.25,30,2,2,0.6875,1.375
1063,0.25,31,2,2,0.734375,1.46875
1064,0.25,13,2,2,0.46875,0.9375
1065,0.25,39,1,1,0.40625,0.8125
1066,0.25,40,2,2,0.4375,0.875
1067,0.25,22,1,1,0.6875,1.375
1068,0.25,31,2,2,0.09375,0.1875
1069,0.25,26,1,2,0.53125,1.0625
1070,0.25,32,2,1,0.5625,1.125
1071,0.25,34,1,1,0.25,0.5
1072,0.25,25,2,1,0.3125,0.625
1073,0.25,26,2,1,0.71875,1.4375
1074,0.25,32,2,1,0.5,1.0
1075,0.25,31,1,1,0.53125,1.0625
1076,0.25,30,1,1,0.15625,0.3125
1077,0.25,35,0,1,0.546875,1.09375
1078,0.25,32,2,2,0.21875,0.4375
1079,0.25,31,1,1,0.5,1.0
1080,0.25,17,1,1,0.5,1.0
1081,0.25,21,0,1,0.0625,0.125
1082,0.25,32,0,1,0.078125,0.15625
1083,0.25,27,1,2,0.59375,1.1875
1084,0.25,26,2,2,0.78125,1.5625
1085,0.25,24,2,2,0.5,1.0
1086,0.25,29,2,2,0.9375,1.875
1087,0.25,32,2,2,0.59375,1.1875
1088,0.25,19,0,1,0.109375,0.21875
1089,0.25,35,1,1,0.5,1.0
1090,0.25,29,1,1,0.140625,0.28125
1091,0.25,34,1,1,1.0,2.0
1092,0.25,32,0,1,0.28125,0.5625
1093,0.25,19,1,1,0.03125,0.0625
1094,0.25,34,1,1,0.59375,1.1875
1095,0.25,26,2,1,0.5,1.0
1096,0.25,33,0,1,0.5,1.0
1097,0.25,41,0,1,0.59375,1.1875
1098,0.25,28,1,1,0.96875,1.9375
1099,0.25,46,2,2,0.0625,0.125
1100,0.25,27,1,1,1.0,2.0
1101,0.25,21,2,2,0.40625,0.8125
1102,0.25,10,2,1,0.0,0.0
1103,0.25,25,1,1,0.25,0.5
1104,0.25,24,2,2,0.78125,1.5625
1105,0.25,25,0,1,0.5,1.0
1106,0.25,28,1,1,0.0625,0.125
1107,0.25,43,1,1,1.0,2.0
1108,0.25,57,2,2,0.078125,0.15625
1109,0.25,13,1,1,1.0,2.0
1110,0.25,15,1,1,0.5,1.0
1111,0.25,29,2,2,0.59375,1.1875
1112,0.25,24,1,1,1.0,2.0
1113,0.25,27,2,2,0.9375,1.875
1114,0.25,38,2,2,0.71875,1.4375
1115,0.25,35,1,1,0.34375,0.6875
1116,0.25,20,1,1,0.8125,1.625
1117,0.25,40,1,1,0.71875,1.4375
1118,0.25,27,1,2,0.25,0.5
1119,0.25,26,0,2,0.359375,0.71875
1120,0.25,17,2,1,0.4375,0.875
1121,0.25,32,2,2,0.203125,0.40625
1122,0.25,37,1,1,0.828125,1.65625
1123,0.25,28,1,1,0.421875,0.84375
1124,0.25,26,1,1,0.5,1.0
1125,0.25,34,0,1,0.328125,0.65625
1126,0.25,27,1,1,0.5,1.0
1127,0.25,24,2,1,0.09375,0.1875
1128,0.25,30,2,2,0.6875,1.375
1129,0.25,33,2,2,0.21875,0.4375
1130,0.25,30,1,1,0.578125,1.15625
1131,0.25,29,2,2,0.609375,1.21875
1132,0.25,24,1,1,0.90625,1.8125
1133,0.25,32,2,2,0.09375,0.1875
1134,0.25,28,1,1,0.046875,0.09375
1135,0.25,40,2,2,0.203125,0.40625
1136,0.25,35,2,1,0.03125,0.0625
1137,0.25,36,1,2,0.46875,0.9375
1138,0.25,22,2,1,0.40625,0.8125
1139,0.25,22,2,2,0.8125,1.625
1140,0.25,31,2,2,0.25,0.5
1141,0.25,15,2,1,0.84375,1.6875
1142,0.25,29,1,1,0.96875,1.9375
1143,0.25,12,2,1,0.5,1.0
1144,0.25,34,0,1,1.0,2.0
1145,0.25,21,1,1,0.5,1.0
1146,0.25,22,2,2,0.46875,0.9375
1147,0.25,29,1,1,0.625,1.25
1148,0.25,15,0,1,0.015625,0.03125
1149,0.25,23,0,1,0.46875,0.9375
1150,0.25,24,1,1,0.96875,1.9375
1151,0.25,28,1,2,0.09375,0.1875
1152,0.25,36,2,2,0.78125,1.5625
1153,0.25,32,1,2,0.84375,1.6875
1154,0.25,40,2,2,0.625,1.25
1155,0.25,26,1,1,0.1875,0.375
1156,0.25,40,2,2,0.375,0.75
1157,0.25,30,1,2,0.03125,0.0625
1158,0.25,33,0,0,0.1875,0.375
1159,0.25,26,1,1,0.90625,1.8125
1160,0.25,33,0,1,0.15625,0.3125
1161,0.25,36,2,1,0.671875,1.34375
1162,0.25,43,1,1,0.46875,0.9375
1163,0.25,32,1,1,0.15625,0.3125
1164,0.25,32,2,1,0.1875,0.375
1165,0.25,37,1,1,0.8125,1.625
1166,0.25,34,2,2,0.3125,0.625
1167,0.25,21,0,2,0.140625,0.28125
1168,0.25,22,1,1,0.8125,1.625
1169,0.25,25,1,1,0.8125,1.625
1170,0.25,27,1,1,0.015625,0.03125
1171,0.25,22,0,1,0.3125,0.625
1172,0.25,20,1,2,0.25,0.5
1173,0.25,27,2,2,0.0625,0.125
1174,0.25,28,1,1,0.28125,0.5625
1175,0.25,41,0,2,0.0625,0.125
1176,0.25,30,2,2,0.9375,1.875
1177,0.25,32,0,1,0.71875,1.4375
1178,0.25,32,1,1,0.46875,0.9375
1179,0.25,28,2,1,1.0,2.0
1180,0.25,36,2,2,0.171875,0.34375
1181,0.25,34,1,1,0.125,0.25
1182,0.25,29,2,1,0.046875,0.09375
1183,0.25,32,2,2,0.03125,0.0625
1184,0.25,28,2,2,0.0625,0.125
1185,0.25,32,2,2,0.5625,1.125
1186,0.25,28,1,1,0.40625,0.8125
1187,0.25,51,2,2,0.40625,0.8125
1188,0.25,26,0,1,0.875,1.75
1189,0.25,26,2,1,0.1875,0.375
1190,0.25,29,1,1,0.5,1.0
1191,0.25,17,2,2,0.1875,0.375
1192,0.25,18,1,2,0.03125,0.0625
1193,0.25,32,0,2,0.296875,0.59375
1194,0.25,30,1,1,0.96875,1.9375
1195,0.25,32,1,1,0.703125,1.40625
1196,0.25,39,1,2,0.09375,0.1875
1197,0.25,34,1,2,0.15625,0.3125
1198,0.25,15,1,1,1.0,2.0
1199,0.25,33,1,1,1.0,2.0
1200,0.25,20,1,2,0.59375,1.1875
1201,0.25,29,1,1,1.0,2.0
1202,0.25,34,2,2,0.65625,1.3125
1203,0.25,38,2,2,0.96875,1.9375
1204,0.25,35,2,1,0.3125,0.625
1205,0.25,29,1,2,0.25,0.5
1206,0.25,32,1,1,0.875,1.75
1207,0.25,30,2,2,0.34375,0.6875
1208,0.25,20,0,1,0.546875,1.09375
1209,0.25,13,1,1,0.5625,1.125
1210,0.25,28,1,2,0.5,1.0
1211,0.25,35,1,1,0.0625,0.125
1212,0.25,39,2,2,0.90625,1.8125
1213,0.25,39,2,2,0.125,0.25
1214,0.25,30,2,1,0.1875,0.375
1215,0.25,23,1,1,1.0,2.0
1216,0.25,15,1,1,1.0,2.0
1217,0.25,29,1,1,0.5,1.0
1218,0.25,30,2,1,0.3125,0.625
1219,0.25,38,1,1,1.0,2.0
1220,0.25,24,2,1,0.328125,0.65625
1221,0.25,36,0,0,0.203125,0.40625
1222,0.25,32,1,2,0.21875,0.4375
1223,0.25,31,1,2,0.46875,0.9375
1224,0.25,35,0,0,0.265625,0.53125
1225,0.25,54,1,1,1.0,2.0
1226,0.25,35,2,2,0.4375,0.875
1227,0.25,36,0,1,0.28125,0.5625
1228,0.25,29,1,1,0.75,1.5
1229,0.25,22,2,2,0.25,0.5
1230,0.25,25,2,2,0.46875,0.9375
1231,0.25,35,1,1,0.9375,1.875
1232,0.25,30,0,1,0.453125,0.90625
1233,0.25,31,2,2,0.734375,1.46875
1234,0.25,24,1,1,0.625,1.25
1235,0.25,36,2,1,0.03125,0.0625
1236,0.25,34,0,1,0.421875,0.84375
1237,0.25,13,2,1,0.5,1.0
1238,0.25,36,1,2,0.03125,0.0625
1239,0.25,20,2,1,0.34375,0.6875
1240,0.25,35,1,1,1.0,2.0
1241,0.25,16,1,1,0.40625,0.8125
1242,0.25,42,2,1,0.03125,0.0625
1243,0.25,46,1,1,0.75,1.5
1244,0.25,17,2,2,0.34375,0.6875
1245,0.25,27,1,1,0.0625,0.125
1246,0.25,42,1,0,0.03125,0.0625
1247,0.25,40,0,0,0.265625,0.53125
1248,0.25,30,1,1,1.0,2.0
1249,0.25,27,2,2,0.5625,1.125
1250,0.25,30,2,2,0.8125,1.625
1251,0.25,28,1,1,0.78125,1.5625
1252,0.25,44,0,0,0.0625,0.125
1253,0.25,16,1,1,0.375,0.75
1254,0.25,34,2,1,1.0,2.0
1255,0.25,26,1,1,0.5,1.0
1256,0.25,28,1,1,1.0,2.0
1257,0.25,31,2,2,0.765625,1.53125
1258,0.25,33,2,1,0.15625,0.3125
1259,0.25,38,2,1,0.0,0.0
1260,0.25,33,2,1,0.96875,1.9375
1261,0.25,45,1,2,0.265625,0.53125
1262,0.25,23,1,1,0.15625,0.3125
1263,0.25,34,2,2,0.15625,0.3125
1264,0.25,30,1,1,0.34375,0.6875
1265,0.25,17,0,1,0.4375,0.875
1266,0.25,24,1,2,0.078125,0.15625
1267,0.25,35,2,1,0.9375,1.875
1268,0.25,22,1,1,0.6875,1.375
1269,0.25,20,0,1,0.4375,0.875
1270,0.25,31,2,2,0.34375,0.6875
1271,0.25,30,0,1,0.4375,0.875
1272,0.25,29,2,2,0.625,1.25
1273,0.25,35,2,2,0.03125,0.0625
1274,0.25,29,1,1,0.734375,1.46875
1275,0.25,30,2,2,0.90625,1.8125
1276,0.25,39,2,1,0.03125,0.0625
1277,0.25,18,0,1,1.0,2.0
1278,0.25,36,2,1,0.78125,1.5625
1279,0.25,26,2,2,0.40625,0.8125
1280,0.25,15,0,1,0.0625,0.125
1281,0.25,34,2,2,0.875,1.75
1282,0.25,16,2,2,0.40625,0.8125
1283,0.25,23,2,2,0.3125,0.625
1284,0.25,25,2,2,0.1875,0.375
1285,0.25,31,2,2,0.65625,1.3125
1286,0.25,19,2,2,0.21875,0.4375
1287,0.25,15,1,1,0.71875,1.4375
1288,0.25,30,0,2,0.53125,1.0625
1289,0.25,19,0,1,0.0625,0.125
1290,0.25,33,1,1,0.125,0.25
1291,0.25,13,2,1,0.875,1.75
1292,0.25,15,1,1,0.40625,0.8125
1293,0.25,32,2,2,0.59375,1.1875
1294,0.25,30,2,2,0.15625,0.3125
1295,0.25,36,0,2,0.234375,0.46875
1296,0.25,32,2,2,0.90625,1.8125
1297,0.25,19,2,2,0.5625,1.125
1298,0.25,24,1,2,0.203125,0.40625
1299,0.25,25,1,2,0.4375,0.875
1300,0.25,15,0,1,0.734375,1.46875
1301,0.25,29,1,1,0.34375,0.6875
1302,0.25,19,2,2,0.90625,1.8125
1303,0.25,31,2,2,0.3125,0.625
1304,0.25,27,2,2,0.1875,0.375
1305,0.25,20,1,1,0.75,1.5
1306,0.25,31,1,0,0.25,0.5
1307,0.25,28,1,1,0.921875,1.84375
1308,0.25,37,1,1,0.6875,1.375
1309,0.25,40,0,1,0.40625,0.8125
1310,0.25,32,1,1,0.171875,0.34375
1311,0.25,27,1,1,0.734375,1.46875
1312,0.25,25,1,1,0.3125,0.625
1313,0.25,26,2,2,0.5625,1.125
1314,0.25,29,1,1,0.78125,1.5625
1315,0.25,16,0,1,0.21875,0.4375
1316,0.25,29,1,1,0.671875,1.34375
1317,0.25,40,1,2,0.34375,0.6875
1318,0.25,21,1,1,0.28125,0.5625
1319,0.25,21,1,1,0.4375,0.875
1320,0.25,29,2,2,0.25,0.5
1321,0.25,29,2,2,0.5,1.0
1322,0.25,14,2,2,0.46875,0.9375
1323,0.25,37,0,1,0.78125,1.5625
1324,0.25,29,1,2,0.375,0.75
1325,0.25,38,1,1,0.46875,0.9375
1326,0.25,36,2,2,0.375,0.75
1327,0.25,22,2,1,0.1875,0.375
1328,0.25,28,1,2,0.171875,0.34375
1329,0.25,23,2,1,0.453125,0.90625
1330,0.25,27,1,1,0.484375,0.96875
1331,0.25,16,2,2,0.0625,0.125
1332,0.25,23,2,1,0.125,0.25
1333,0.25,35,1,1,0.9375,1.875
1334,0.25,37,2,2,0.15625,0.3125
1335,0.25,33,0,0,0.03125,0.0625
1336,0.25,28,2,2,0.5625,1.125
1337,0.25,31,1,1,0.3125,0.625
1338,0.25,38,0,2,0.015625,0.03125
1339,0.25,33,2,1,0.75,1.5
1340,0.25,32,0,0,0.46875,0.9375
1341,0.25,29,0,0,0.359375,0.71875
1342,0.25,30,1,1,0.34375,0.6875
1343,0.25,26,1,2,0.15625,0.3125
1344,0.25,19,2,1,0.5,1.0
1345,0.25,20,0,1,0.46875,0.9375
1346,0.25,30,1,2,0.265625,0.53125
1347,0.25,25,2,1,0.515625,1.03125
1348,0.25,26,2,2,0.75,1.5
1349,0.25,28,2,1,0.21875,0.4375
1350,0.25,39,0,1,0.65625,1.3125
1351,0.25,21,0,0,0.25,0.5
1352,0.25,55,1,1,0.640625,1.28125
1353,0.25,43,1,1,0.59375,1.1875
1354,0.25,20,1,1,0.375,0.75
1355,0.25,29,2,2,0.875,1.75
1356,0.25,29,1,1,0.65625,1.3125
1357,0.25,14,2,1,0.6875,1.375
1358,0.25,31,1,1,1.0,2.0
1359,0.25,30,0,0,0.234375,0.46875
1360,0.25,34,1,1,0.90625,1.8125
1361,0.25,35,1,1,0.3125,0.625
1362,0.25,41,0,1,0.65625,1.3125
1363,0.25,33,2,2,0.796875,1.59375
1364,0.25,39,2,2,0.171875,0.34375
1365,0.25,30,1,1,0.875,1.75
1366,0.25,38,2,2,0.8125,1.625
1367,0.25,19,0,0,0.09375,0.1875
1368,0.25,29,1,1,0.09375,0.1875
1369,0.25,18,2,1,0.15625,0.3125
1370,0.25,11,0,1,1.0,2.0
1371,0.25,29,1,1,0.96875,1.9375
1372,0.25,27,2,1,0.125,0.25
1373,0.25,33,0,1,0.5,1.0
1374,0.25,31,1,1,0.9375,1.875
1375,0.25,20,2,1,0.40625,0.8125
1376,0.25,29,1,2,0.6875,1.375
1377,0.25,35,2,2,0.265625,0.53125
1378,0.25,24,1,1,0.5,1.0
1379,0.25,29,1,1,0.28125,0.5625
1380,0.25,27,2,2,0.03125,0.0625
1381,0.25,25,1,1,0.4375,0.875
1382,0.25,34,1,1,1.0,2.0
1383,0.25,35,1,1,0.25,0.5
1384,0.25,30,2,2,0.96875,1.9375
1385,0.25,35,2,2,0.359375,0.71875
1386,0.25,35,2,2,0.9375,1.875
1387,0.25,35,2,2,0.40625,0.8125
1388,0.25,28,2,2,0.28125,0.5625
1389,0.25,20,0,0,0.546875,1.09375
1390,0.25,26,1,1,0.65625,1.3125
1391,0.25,24,1,1,0.71875,1.4375
1392,0.25,37,1,1,1.0,2.0
1393,0.25,31,0,1,0.0,0.0
1394,0.25,20,1,1,0.46875,0.9375
1395,0.25,34,2,2,0.78125,1.5625
1396,0.25,35,0,1,0.03125,0.0625
1397,0.25,29,1,1,1.0,2.0
1398,0.25,31,0,0,0.0625,0.125
1399,0.25,33,0,1,0.25,0.5
1400,0.25,33,1,2,0.5625,1.125
1401,0.25,25,2,1,0.28125,0.5625
1402,0.25,25,1,2,0.625,1.25
1403,0.25,34,2,1,0.171875,0.34375
1404,0.25,33,2,2,0.65625,1.3125
1405,0.25,31,2,1,0.1875,0.375
1406,0.25,29,1,1,0.34375,0.6875
1407,0.25,29,1,2,0.34375,0.6875
1408,0.25,33,2,2,0.5625,1.125
1409,0.25,50,0,1,0.015625,0.03125
1410,0.25,37,0,1,0.5,1.0
1411,0.25,38,1,1,0.125,0.25
1412,0.25,25,1,1,0.6875,1.375
1413,0.25,32,2,2,0.9375,1.875
1414,0.25,31,2,1,0.03125,0.0625
1415,0.25,30,2,2,0.78125,1.5625
1416,0.25,27,1,1,0.421875,0.84375
1417,0.25,30,0,1,0.34375,0.6875
1418,0.25,24,2,1,0.84375,1.6875
1419,0.25,36,2,2,0.46875,0.9375
1420,0.25,40,1,1,1.0,2.0
1421,0.25,32,2,2,0.0625,0.125
1422,0.25,20,1,1,0.875,1.75
1423,0.25,22,1,1,0.5,1.0
1424,0.25,24,2,2,0.390625,0.78125
1425,0.25,35,1,1,0.6875,1.375
1426,0.25,29,2,2,0.6875,1.375
1427,0.25,27,1,1,0.90625,1.8125
1428,0.25,52,1,1,1.0,2.0
1429,0.25,39,1,2,0.0625,0.125
1430,0.25,29,1,1,0.0625,0.125
1431,0.25,24,2,2,0.34375,0.6875
1432,0.25,32,1,2,0.71875,1.4375
1433,0.25,35,1,1,0.75,1.5
1434,0.25,35,2,2,0.40625,0.8125
1435,0.25,36,2,2,0.125,0.25
1436,0.25,41,0,2,0.203125,0.40625
1437,0.25,32,0,2,0.0625,0.125
1438,0.25,20,0,1,0.015625,0.03125
1439,0.25,31,1,2,0.3125,0.625
1440,0.25,27,0,1,0.421875,0.84375
1441,0.25,34,1,1,0.625,1.25
1442,0.25,24,1,2,0.078125,0.15625
1443,0.25,26,1,1,1.0,2.0
1444,0.25,28,2,2,1.0,2.0
1445,0.25,12,2,2,0.375,0.75
1446,0.25,39,2,2,0.125,0.25
1447,0.25,36,1,1,0.71875,1.4375
1448,0.25,22,2,1,0.09375,0.1875
1449,0.25,27,1,1,1.0,2.0
1450,0.25,15,2,1,0.09375,0.1875
1451,0.25,14,2,1,0.0,0.0
1452,0.25,29,2,2,0.390625,0.78125
1453,0.25,17,1,1,0.9375,1.875
1454,0.25,29,0,1,0.375,0.75
1455,0.25,21,2,2,0.375,0.75
1456,0.25,38,2,2,0.75,1.5
1457,0.25,30,0,2,0.140625,0.28125
1458,0.25,25,2,2,0.6875,1.375
1459,0.25,29,2,1,0.25,0.5
1460,0.25,35,1,2,0.0625,0.125
1461,0.25,30,2,2,0.625,1.25
1462,0.25,44,0,1,0.078125,0.15625
1463,0.25,45,0,0,0.171875,0.34375
1464,0.25,36,2,1,1.0,2.0
1465,0.25,24,2,2,0.875,1.75
1466,0.25,30,1,1,1.0,2.0
1467,0.25,34,2,2,0.78125,1.5625
1468,0.25,36,1,1,0.78125,1.5625
1469,0.25,32,1,1,0.25,0.5
1470,0.25,32,1,1,1.0,2.0
1471,0.25,36,1,2,0.40625,0.8125
1472,0.25,42,2,2,0.8125,1.625
1473,0.25,45,1,1,0.78125,1.5625
1474,0.25,27,0,1,0.25,0.5
1475,0.25,24,2,1,0.0,0.0
1476,0.25,36,1,1,0.96875,1.9375
1477,0.25,37,1,1,1.0,2.0
1478,0.25,33,2,2,0.078125,0.15625
1479,0.25,40,2,2,0.46875,0.9375
1480,0.25,30,2,2,0.15625,0.3125
1481,0.25,36,1,1,0.453125,0.90625
1482,0.25,32,2,1,0.140625,0.28125
1483,0.25,27,2,1,0.5625,1.125
1484,0.25,31,0,1,0.171875,0.34375
1485,0.25,31,1,1,0.65625,1.3125
1486,0.25,44,0,1,0.046875,0.09375
1487,0.25,22,0,0,0.75,1.5
1488,0.25,24,1,1,1.0,2.0
1489,0.25,33,0,1,0.171875,0.34375
1490,0.25,23,1,1,0.875,1.75
1491,0.25,31,2,2,0.140625,0.28125
1492,0.25,21,0,0,0.734375,1.46875
1493,0.25,45,1,1,0.375,0.75
1494,0.25,33,1,1,0.9375,1.875
1495,0.25,27,2,2,0.5625,1.125
1496,0.25,37,0,0,0.109375,0.21875
1497,0.25,31,2,2,0.15625,0.3125
1498,0.25,31,1,1,1.0,2.0
1499,0.25,15,1,1,0.5,1.0
1500,0.25,39,1,1,0.1875,0.375
1501,0.25,18,2,2,0.1875,0.375
1502,0.25,31,0,1,0.328125,0.65625
1503,0.25,36,2,2,0.375,0.75
1504,0.25,29,1,1,1.0,2.0
1505,0.25,38,1,1,0.5,1.0
1506,0.25,28,2,2,0.78125,1.5625
1507,0.25,26,0,1,0.3125,0.625
1508,0.25,16,1,1,1.0,2.0
1509,0.25,46,2,1,0.15625,0.3125
1510,0.25,34,0,1,0.6875,1.375
1511,0.25,17,1,1,0.3125,0.625
1512,0.25,34,1,1,0.8125,1.625
1513,0.25,26,1,2,0.09375,0.1875
1514,0.25,29,0,1,0.46875,0.9375
1515,0.25,26,2,2,0.6875,1.375
1516,0.25,27,0,0,0.90625,1.8125
1517,0.25,29,2,2,1.0,2.0
1518,0.25,24,2,1,0.34375,0.6875
1519,0.25,28,2,2,0.28125,0.5625
1520,0.25,24,1,2,0.28125,0.5625
1521,0.25,36,2,2,0.53125,1.0625
1522,0.25,32,1,1,1.0,2.0
1523,0.25,29,1,1,1.0,2.0
1524,0.25,46,2,2,0.71875,1.4375
1525,0.25,32,1,1,0.4375,0.875
1526,0.25,25,1,1,0.125,0.25
1527,0.25,23,1,1,0.8125,1.625
1528,0.25,22,1,0,0.34375,0.6875
1529,0.25,33,2,2,0.65625,1.3125
1530,0.25,26,1,1,0.21875,0.4375
1531,0.25,22,2,2,0.40625,0.8125
1532,0.25,43,2,2,0.5,1.0
1533,0.25,50,1,1,0.59375,1.1875
1534,0.25,10,2,1,0.34375,0.6875
1535,0.25,27,0,1,0.921875,1.84375
1536,0.25,32,2,1,0.40625,0.8125
1537,0.25,22,2,2,0.8125,1.625
1538,0.25,25,1,1,0.4375,0.875
1539,0.25,29,1,1,0.21875,0.4375
1540,0.25,31,2,1,0.46875,0.9375
1541,0.25,37,2,2,0.34375,0.6875
1542,0.25,36,2,2,0.75,1.5
1543,0.25,33,1,2,0.3125,0.625
1544,0.25,30,1,1,0.8125,1.625
1545,0.25,29,1,1,0.9375,1.875
1546,0.25,26,1,1,0.90625,1.8125
1547,0.25,26,2,1,0.28125,0.5625
1548,0.25,31,1,1,0.65625,1.3125
1549,0.25,23,1,1,0.484375,0.96875
1550,0.25,19,1,1,0.96875,1.9375
1551,0.25,24,2,1,0.15625,0.3125
1552,0.25,34,2,1,0.15625,0.3125
1553,0.25,32,0,1,0.40625,0.8125
1554,0.25,34,1,1,0.65625,1.3125
1555,0.25,24,1,1,0.96875,1.9375
1556,0.25,47,1,0,0.359375,0.71875
1557,0.25,25,2,2,0.84375,1.6875
1558,0.25,28,2,1,0.40625,0.8125
1559,0.25,40,2,2,0.71875,1.4375
1560,0.25,25,2,2,0.53125,1.0625
1561,0.25,32,1,1,0.9375,1.875
1562,0.25,30,2,2,0.265625,0.53125
1563,0.25,27,1,1,0.90625,1.8125
1564,0.25,52,1,1,0.15625,0.3125
1565,0.25,15,0,1,0.359375,0.71875
1566,0.25,26,2,2,0.4375,0.875
1567,0.25,25,2,1,0.28125,0.5625
1568,0.25,31,1,1,0.96875,1.9375
1569,0.25,32,1,1,0.171875,0.34375
1570,0.25,21,1,1,0.5,1.0
1571,0.25,33,2,2,0.3125,0.625
1572,0.25,34,2,2,0.265625,0.53125
1573,0.25,23,2,2,0.5625,1.125
1574,0.25,25,2,1,0.90625,1.8125
1575,0.25,33,2,2,0.5,1.0
1576,0.25,21,2,1,0.03125,0.0625
1577,0.25,19,2,2,0.59375,1.1875
1578,0.25,28,1,1,1.0,2.0
1579,0.25,28,1,1,0.046875,0.09375
1580,0.25,35,1,1,0.28125,0.5625
1581,0.25,34,1,1,0.3125,0.625
1582,0.25,31,2,1,0.453125,0.90625
1583,0.25,39,2,2,0.34375,0.6875
1584,0.25,40,2,1,0.875,1.75
1585,0.25,26,2,1,1.0,2.0
1586,0.25,21,1,1,0.90625,1.8125
1587,0.25,25,2,1,0.71875,1.4375
1588,0.25,33,0,1,0.03125,0.0625
1589,0.25,41,2,1,0.09375,0.1875
1590,0.25,19,1,1,0.375,0.75
1591,0.25,33,0,0,0.296875,0.59375
1592,0.25,26,1,1,0.375,0.75
1593,0.25,33,2,1,0.46875,0.9375
1594,0.25,9,1,1,1.0,2.0
1595,0.25,34,2,2,0.296875,0.59375
1596,0.25,22,1,1,0.8125,1.625
1597,0.25,33,2,2,0.25,0.5
1598,0.25,29,2,2,0.6875,1.375
1599,0.25,40,2,2,0.21875,0.4375
1600,0.25,36,2,1,0.0625,0.125
1601,0.25,24,2,2,0.8125,1.625
1602,0.25,30,0,1,0.40625,0.8125
1603,0.25,20,1,1,0.1875,0.375
1604,0.25,40,1,0,0.3125,0.625
1605,0.25,43,1,1,0.5625,1.125
1606,0.25,28,0,1,0.15625,0.3125
1607,0.25,35,2,1,0.296875,0.59375
1608,0.25,32,2,2,0.3125,0.625
1609,0.25,23,1,2,0.4375,0.875
1610,0.25,40,1,1,0.328125,0.65625
1611,0.25,31,1,1,0.203125,0.40625
1612,0.25,16,1,1,1.0,2.0
1613,0.25,35,2,1,0.296875,0.59375
1614,0.25,41,0,2,0.078125,0.15625
1615,0.25,30,2,1,0.359375,0.71875
1616,0.25,28,0,1,0.25,0.5
1617,0.25,20,1,1,0.3125,0.625
1618,0.25,30,1,1,0.0625,0.125
1619,0.25,12,1,1,1.0,2.0
1620,0.25,24,2,1,0.5,1.0
1621,0.25,30,0,1,0.3125,0.625
1622,0.25,28,2,1,0.96875,1.9375
1623,0.25,27,1,2,0.25,0.5
1624,0.25,40,2,1,0.09375,0.1875
1625,0.25,31,2,2,0.0625,0.125
1626,0.25,30,1,1,0.25,0.5
1627,0.25,32,0,1,0.15625,0.3125
1628,0.25,34,2,1,0.4375,0.875
1629,0.25,37,0,2,0.1875,0.375
1630,0.25,27,0,0,0.609375,1.21875
1631,0.25,34,2,2,0.875,1.75
1632,0.25,13,0,1,0.40625,0.8125
1633,0.25,28,1,1,0.46875,0.9375
1634,0.25,34,2,2,0.484375,0.96875
1635,0.25,38,2,2,0.875,1.75
1636,0.25,20,1,1,0.0,0.0
1637,0.25,56,1,1,0.0,0.0
1638,0.25,27,2,2,0.40625,0.8125
1639,0.25,30,2,2,0.8125,1.625
1640,0.25,19,2,2,0.21875,0.4375
1641,0.25,30,1,1,0.09375,0.1875
1642,0.25,29,0,0,0.65625,1.3125
1643,0.25,27,1,1,0.5,1.0
1644,0.25,32,1,1,0.109375,0.21875
1645,0.25,43,1,1,1.0,2.0
1646,0.25,13,1,1,1.0,2.0
1647,0.25,48,2,2,0.75,1.5
1648,0.25,21,2,2,0.46875,0.9375
1649,0.25,32,2,1,0.5,1.0
1650,0.25,22,1,1,0.375,0.75
1651,0.25,42,2,2,0.3125,0.625
1652,0.25,20,1,1,0.59375,1.1875
1653,0.25,36,1,1,0.375,0.75
1654,0.25,23,2,1,0.375,0.75
1655,0.25,25,0,1,0.28125,0.5625
1656,0.25,37,2,2,1.0,2.0
1657,0.25,34,1,1,0.40625,0.8125
1658,0.25,29,1,1,0.59375,1.1875
1659,0.25,20,1,1,1.0,2.0
1660,0.25,14,2,1,0.375,0.75
1661,0.25,19,1,1,0.8125,1.625
1662,0.25,42,1,1,0.65625,1.3125
1663,0.25,25,2,1,0.0,0.0
1664,0.25,28,1,2,0.875,1.75
1665,0.25,33,1,2,0.375,0.75
1666,0.25,21,0,1,0.1875,0.375
1667,0.25,22,1,2,0.125,0.25
1668,0.25,49,2,2,0.734375,1.46875
1669,0.25,28,2,2,0.6875,1.375
1670,0.25,28,1,1,0.75,1.5
1671,0.25,26,1,1,1.0,2.0
1672,0.25,31,2,2,0.125,0.25
1673,0.25,27,1,1,0.28125,0.5625
1674,0.25,37,0,0,0.515625,1.03125
1675,0.25,22,1,2,0.53125,1.0625
1676,0.25,35,1,1,0.0,0.0
1677,0.25,23,1,2,0.375,0.75
1678,0.25,37,1,1,0.40625,0.8125
1679,0.25,36,1,1,0.65625,1.3125
1680,0.25,36,2,2,0.28125,0.5625
1681,0.25,35,2,1,0.21875,0.4375
1682,0.25,37,1,1,0.53125,1.0625
1683,0.25,29,2,2,0.15625,0.3125
1684,0.25,26,1,1,0.03125,0.0625
1685,0.25,27,1,2,0.15625,0.3125
1686,0.25,32,2,1,0.59375,1.1875
1687,0.25,9,2,2,0.09375,0.1875
1688,0.25,15,1,1,0.4375,0.875
1689,0.25,36,1,1,0.28125,0.5625
1690,0.25,19,2,1,0.875,1.75
1691,0.25,29,1,1,1.0,2.0
1692,0.25,34,1,2,0.203125,0.40625
1693,0.25,28,1,2,0.28125,0.5625
1694,0.25,32,0,0,0.265625,0.53125
1695,0.25,40,2,2,0.4375,0.875
1696,0.25,24,2,2,0.1875,0.375
1697,0.25,27,2,2,0.8125,1.625
1698,0.25,28,2,1,0.3125,0.625
1699,0.25,23,1,1,0.15625,0.3125
1700,0.25,21,1,1,0.90625,1.8125
1701,0.25,29,2,2,0.0625,0.125
1702,0.25,49,1,2,0.484375,0.96875
1703,0.25,27,1,1,0.96875,1.9375
1704,0.25,39,0,0,0.203125,0.40625
1705,0.25,21,2,1,0.96875,1.9375
1706,0.25,35,0,1,0.109375,0.21875
1707,0.25,32,1,2,0.125,0.25
1708,0.25,28,2,2,0.34375,0.6875
1709,0.25,22,2,1,0.5,1.0
1710,0.25,20,2,2,0.40625,0.8125
1711,0.25,43,1,1,0.265625,0.53125
1712,0.25,35,0,1,0.59375,1.1875
1713,0.25,23,1,1,0.5,1.0
1714,0.25,27,2,2,0.6875,1.375
1715,0.25,29,1,1,0.28125,0.5625
1716,0.25,38,1,1,0.625,1.25
1717,0.25,37,1,2,0.078125,0.15625
1718,0.25,25,2,2,0.625,1.25
1719,0.25,16,0,0,0.203125,0.40625
1720,0.25,18,1,1,0.90625,1.8125
1721,0.25,55,2,1,0.5,1.0
1722,0.25,19,2,1,0.09375,0.1875
1723,0.25,21,1,1,0.078125,0.15625
1724,0.25,33,1,1,0.25,0.5
1725,0.25,29,2,2,0.59375,1.1875
1726,0.25,33,2,2,0.5,1.0
1727,0.25,29,2,2,1.0,2.0
1728,0.25,25,2,2,0.28125,0.5625
1729,0.25,32,1,1,0.40625,0.8125
1730,0.25,41,1,1,0.59375,1.1875
1731,0.25,28,2,2,0.1875,0.375
1732,0.25,16,2,1,0.5,1.0
1733,0.25,30,2,1,0.1875,0.375
1734,0.25,27,1,1,0.5,1.0
1735,0.25,19,2,1,0.625,1.25
1736,0.25,47,2,2,0.1875,0.375
1737,0.25,37,0,2,0.125,0.25
1738,0.25,22,0,1,0.515625,1.03125
1739,0.25,24,2,2,0.5625,1.125
1740,0.25,32,1,1,1.0,2.0
1741,0.25,34,0,0,0.34375,0.6875
1742,0.25,37,2,1,0.5,1.0
1743,0.25,24,1,1,0.0,0.0
1744,0.25,42,2,2,0.296875,0.59375
1745,0.25,30,1,1,1.0,2.0
1746,0.25,26,2,2,0.21875,0.4375
1747,0.25,35,2,1,0.203125,0.40625
1748,0.25,15,2,2,0.171875,0.34375
1749,0.25,27,1,1,0.125,0.25
1750,0.25,23,1,1,0.53125,1.0625
1751,0.25,28,1,1,0.5625,1.125
1752,0.25,31,2,2,0.640625,1.28125
1753,0.25,33,1,1,0.34375,0.6875
1754,0.25,28,1,1,1.0,2.0
1755,0.25,24,2,2,0.8125,1.625
1756,0.25,20,1,1,0.78125,1.5625
1757,0.25,40,1,1,1.0,2.0
1758,0.25,48,2,2,0.1875,0.375
1759,0.25,27,1,1,0.84375,1.6875
1760,0.25,21,1,1,1.0,2.0
1761,0.25,42,0,1,0.390625,0.78125
1762,0.25,21,1,1,1.0,2.0
1763,0.25,51,1,1,0.125,0.25
1764,0.25,46,2,1,0.34375,0.6875
1765,0.25,25,2,2,0.234375,0.46875
1766,0.25,25,1,2,0.0625,0.125
1767,0.25,23,2,2,0.78125,1.5625
1768,0.25,16,1,1,1.0,2.0
1769,0.25,34,2,2,0.65625,1.3125
1770,0.25,46,1,1,1.0,2.0
1771,0.25,32,1,2,0.3125,0.625
1772,0.25,24,1,1,1.0,2.0
1773,0.25,31,2,2,0.25,0.5
1774,0.25,28,2,2,0.0625,0.125
1775,0.25,28,0,1,0.078125,0.15625
1776,0.25,30,0,1,0.609375,1.21875
1777,0.25,35,1,2,0.03125,0.0625
1778,0.25,15,0,1,0.8125,1.625
1779,0.25,19,1,1,0.71875,1.4375
1780,0.25,25,1,2,0.640625,1.28125
1781,0.25,34,1,1,0.40625,0.8125
1782,0.25,19,0,2,0.1875,0.375
1783,0.25,26,2,2,0.46875,0.9375
1784,0.25,44,1,1,0.34375,0.6875
1785,0.25,14,1,1,1.0,2.0
1786,0.25,36,1,1,1.0,2.0
1787,0.25,18,1,1,1.0,2.0
1788,0.25,39,0,1,0.125,0.25
1789,0.25,32,1,0,0.109375,0.21875
1790,0.25,13,2,2,0.65625,1.3125
1791,0.25,34,1,1,0.625,1.25
1792,0.25,24,1,1,0.625,1.25
1793,0.25,36,1,1,0.71875,1.4375
1794,0.25,30,2,2,0.53125,1.0625
1795,0.25,40,1,0,0.125,0.25
1796,0.25,37,1,1,1.0,2.0
1797,0.25,35,1,1,0.53125,1.0625
1798,0.25,22,1,1,0.34375,0.6875
1799,0.25,28,1,1,0.6875,1.375
1800,0.25,28,2,2,0.6875,1.375
1801,0.25,39,2,1,0.15625,0.3125
1802,0.25,34,1,1,0.078125,0.15625
1803,0.25,32,1,1,0.875,1.75
1804,0.25,24,1,1,1.0,2.0
1805,0.25,23,1,1,0.5625,1.125
1806,0.25,20,2,2,0.78125,1.5625
1807,0.25,15,1,1,0.53125,1.0625
1808,0.25,30,0,1,1.0,2.0
1809,0.25,31,1,2,0.0625,0.125
1810,0.25,28,1,2,0.625,1.25
1811,0.25,15,0,1,0.90625,1.8125
1812,0.25,26,0,1,0.3125,0.625
1813,0.25,38,2,2,0.4375,0.875
1814,0.25,35,1,1,0.25,0.5
1815,0.25,17,0,1,0.328125,0.65625
1816,0.25,21,1,1,0.65625,1.3125
1817,0.25,36,0,1,0.203125,0.40625
1818,0.25,16,1,1,0.375,0.75
1819,0.25,33,1,1,1.0,2.0
1820,0.25,38,2,2,0.390625,0.78125
1821,0.25,23,2,2,0.34375,0.6875
1822,0.25,41,0,1,0.265625,0.53125
1823,0.25,24,2,2,0.875,1.75
1824,0.25,28,1,1,0.5,1.0
1825,0.25,31,2,2,0.5,1.0
1826,0.25,25,1,1,1.0,2.0
1827,0.25,32,1,1,0.375,0.75
1828,0.25,35,1,1,0.125,0.25
1829,0.25,21,2,2,0.1875,0.375
1830,0.25,23,2,1,0.78125,1.5625
1831,0.25,26,1,1,0.46875,0.9375
1832,0.25,32,0,1,0.28125,0.5625
1833,0.25,34,2,2,0.59375,1.1875
1834,0.25,44,1,1,0.21875,0.4375
1835,0.25,36,0,0,0.09375,0.1875
1836,0.25,26,0,1,0.21875,0.4375
1837,0.25,38,2,2,0.90625,1.8125
1838,0.25,21,1,1,0.65625,1.3125
1839,0.25,22,1,1,0.59375,1.1875
1840,0.25,29,0,1,0.6875,1.375
1841,0.25,33,2,2,0.6875,1.375
1842,0.25,28,0,0,0.21875,0.4375
1843,0.25,43,1,1,0.65625,1.3125
1844,0.25,19,2,2,0.375,0.75
1845,0.25,21,1,1,0.9375,1.875
1846,0.25,38,2,2,0.25,0.5
1847,0.25,21,2,2,0.34375,0.6875
1848,0.25,44,1,1,0.21875,0.4375
1849,0.25,39,1,1,0.96875,1.9375
1850,0.25,32,1,1,1.0,2.0
1851,0.25,29,0,1,0.453125,0.90625
1852,0.25,34,2,2,0.375,0.75
1853,0.25,16,0,1,0.734375,1.46875
1854,0.25,27,1,1,0.09375,0.1875
1855,0.25,25,2,2,0.375,0.75
1856,0.25,32,2,2,0.09375,0.1875
1857,0.25,24,1,1,1.0,2.0
1858,0.25,34,2,1,0.3125,0.625
1859,0.25,22,1,1,0.75,1.5
1860,0.25,23,1,1,1.0,2.0
1861,0.25,32,1,0,0.21875,0.4375
1862,0.25,18,1,2,0.15625,0.3125
1863,0.25,31,2,1,0.0625,0.125
1864,0.25,43,2,1,0.46875,0.9375
1865,0.25,34,1,1,0.21875,0.4375
1866,0.25,28,1,1,0.75,1.5
1867,0.25,27,2,2,0.40625,0.8125
1868,0.25,19,0,1,0.1875,0.375
1869,0.25,22,2,2,0.453125,0.90625
1870,0.25,15,2,2,0.125,0.25
1871,0.25,38,2,1,0.59375,1.1875
1872,0.25,30,1,1,0.0625,0.125
1873,0.25,33,0,1,0.375,0.75
1874,0.25,30,1,1,0.1875,0.375
1875,0.25,40,2,1,0.5,1.0
1876,0.25,32,1,1,0.0,0.0
1877,0.25,43,2,2,0.90625,1.8125
1878,0.25,22,1,1,0.90625,1.8125
1879,0.25,38,1,1,0.765625,1.53125
1880,0.25,37,2,2,0.90625,1.8125
1881,0.25,38,2,1,0.90625,1.8125
1882,0.25,38,1,1,0.40625,0.8125
1883,0.25,38,2,1,0.0,0.0
1884,0.25,36,0,1,0.296875,0.59375
1885,0.25,58,0,1,0.25,0.5
1886,0.25,16,1,2,0.09375,0.1875
1887,0.25,26,1,1,0.515625,1.03125
1888,0.25,35,2,1,0.1875,0.375
1889,0.25,24,2,1,0.140625,0.28125
1890,0.25,38,0,1,0.0625,0.125
1891,0.25,34,1,1,0.59375,1.1875
1892,0.25,17,1,1,1.0,2.0
1893,0.25,30,0,1,0.34375,0.6875
1894,0.25,41,2,2,0.46875,0.9375
1895,0.25,25,1,1,0.65625,1.3125
1896,0.25,35,1,1,0.875,1.75
1897,0.25,20,1,1,0.59375,1.1875
1898,0.25,40,1,2,0.71875,1.4375
1899,0.25,30,2,1,0.46875,0.9375
1900,0.25,14,0,2,0.125,0.25
1901,0.25,33,1,1,0.75,1.5
1902,0.25,26,2,2,0.078125,0.15625
1903,0.25,23,0,1,0.328125,0.65625
1904,0.25,35,1,1,0.25,0.5
1905,0.25,24,1,1,0.578125,1.15625
1906,0.25,35,2,2,0.5625,1.125
1907,0.25,35,2,2,0.96875,1.9375
1908,0.25,37,1,1,0.15625,0.3125
1909,0.25,18,0,1,0.46875,0.9375
1910,0.25,24,1,1,1.0,2.0
1911,0.25,31,1,1,0.1875,0.375
1912,0.25,40,2,1,0.03125,0.0625
1913,0.25,34,0,1,0.546875,1.09375
1914,0.25,27,1,1,0.9375,1.875
1915,0.25,35,1,1,0.375,0.75
1916,0.25,44,2,2,0.3125,0.625
1917,0.25,42,1,1,0.375,0.75
1918,0.25,24,1,1,0.5,1.0
1919,0.25,32,1,0,0.234375,0.46875
1920,0.25,31,1,1,0.8125,1.625
1921,0.25,27,1,1,0.46875,0.9375
1922,0.25,40,0,0,0.5,1.0
1923,0.25,24,2,1,0.90625,1.8125
1924,0.25,34,2,2,0.78125,1.5625
1925,0.25,26,1,1,0.96875,1.9375
1926,0.25,32,2,2,0.296875,0.59375
1927,0.25,42,2,2,0.359375,0.71875
1928,0.25,30,1,1,0.5,1.0
1929,0.25,21,1,1,1.0,2.0
1930,0.25,25,2,1,0.34375,0.6875
1931,0.25,35,2,2,0.109375,0.21875
1932,0.25,20,1,1,0.5625,1.125
1933,0.25,24,2,1,0.21875,0.4375
1934,0.25,19,2,2,0.25,0.5
1935,0.25,22,0,1,0.46875,0.9375
1936,0.25,15,2,2,0.09375,0.1875
1937,0.25,30,1,2,0.09375,0.1875
1938,0.25,27,2,2,0.09375,0.1875
1939,0.25,36,1,1,0.390625,0.78125
1940,0.25,21,2,1,0.5,1.0
1941,0.25,30,2,2,0.78125,1.5625
1942,0.25,29,0,2,0.09375,0.1875
1943,0.25,42,2,2,0.75,1.5
1944,0.25,43,1,1,0.546875,1.09375
1945,0.25,38,1,1,0.46875,0.9375
1946,0.25,29,0,1,0.46875,0.9375
1947,0.25,30,1,1,0.828125,1.65625
1948,0.25,24,2,1,0.46875,0.9375
1949,0.25,28,2,2,0.5,1.0
1950,0.25,20,1,1,0.65625,1.3125
1951,0.25,28,2,1,0.34375,0.6875
1952,0.25,14,1,1,0.5,1.0
1953,0.25,19,2,1,0.53125,1.0625
1954,0.25,39,2,2,0.25,0.5
1955,0.25,26,2,1,0.75,1.5
1956,0.25,31,2,2,0.171875,0.34375
1957,0.25,33,1,1,0.3125,0.625
1958,0.25,23,1,1,0.21875,0.4375
1959,0.25,29,2,1,0.5,1.0
1960,0.25,35,0,1,0.125,0.25
1961,0.25,37,1,1,0.71875,1.4375
1962,0.25,26,2,2,0.15625,0.3125
1963,0.25,34,1,2,0.0625,0.125
1964,0.25,26,0,1,0.453125,0.90625
1965,0.25,25,0,1,0.34375,0.6875
1966,0.25,55,1,1,0.78125,1.5625
1967,0.25,45,0,0,1.0,2.0
1968,0.25,27,0,2,0.140625,0.28125
1969,0.25,29,1,1,0.796875,1.59375
1970,0.25,23,1,1,0.78125,1.5625
1971,0.25,25,1,1,0.59375,1.1875
1972,0.25,36,0,2,0.34375,0.6875
1973,0.25,12,1,1,0.4375,0.875
1974,0.25,38,2,1,0.0625,0.125
1975,0.25,31,2,1,0.15625,0.3125
1976,0.25,23,1,1,0.96875,1.9375
1977,0.25,20,1,1,0.875,1.75
1978,0.25,36,1,1,1.0,2.0
1979,0.25,29,1,2,0.171875,0.34375
1980,0.25,26,1,1,0.46875,0.9375
1981,0.25,32,0,1,0.09375,0.1875
1982,0.25,31,1,1,0.09375,0.1875
1983,0.25,20,0,1,0.140625,0.28125
1984,0.25,13,1,1,0.5,1.0
1985,0.25,23,1,1,0.9375,1.875
1986,0.25,24,1,1,0.1875,0.375
1987,0.25,35,2,2,0.34375,0.6875
1988,0.25,30,0,1,0.15625,0.3125
1989,0.25,34,1,1,0.25,0.5
1990,0.25,29,2,1,0.34375,0.6875
1991,0.25,33,1,1,1.0,2.0
1992,0.25,31,2,1,0.8125,1.625
1993,0.25,38,2,2,0.09375,0.1875
1994,0.25,25,0,1,0.46875,0.9375
1995,0.25,36,2,2,0.5,1.0
1996,0.25,38,1,1,0.96875,1.9375
1997,0.25,21,1,1,0.53125,1.0625
1998,0.25,59,2,1,0.6875,1.375
1999,0.25,29,0,2,0.140625,0.28125
